text,top_class,hate_speech,offensive_language,neither
Ninja why do you buy so many things expensive lol I wish I was a popular streamer,neither,0.03669334172820836,0.425999394329841,0.5373072639419506
ninjaAmazing ninjaAmazing,neither,0.03945320844208391,0.33037608806864915,0.630170703489267
ayyyy,neither,0.03945320844208391,0.33037608806864915,0.630170703489267
ayyyyyyy,neither,0.03945320844208391,0.33037608806864915,0.630170703489267
sup ninja,neither,0.03945320844208391,0.33037608806864915,0.630170703489267
yo,offensive_language,0.04010381111145228,0.5271105317972344,0.4327856570913131
Hi,neither,0.03945320844208391,0.33037608806864915,0.630170703489267
Hey,neither,0.03945320844208391,0.33037608806864915,0.630170703489267
First,neither,0.02604892428726219,0.3349864360510187,0.6389646396617191
Shinobi!,neither,0.03945320844208391,0.33037608806864915,0.630170703489267
NINJAAAAAA❤️,neither,0.03945320844208391,0.33037608806864915,0.630170703489267
LOVE YOUUU,neither,0.036234544398670354,0.3454103886020359,0.6183550669992937
Hey,neither,0.03945320844208391,0.33037608806864915,0.630170703489267
GGGGGGGGGGGGGGG,neither,0.03945320844208391,0.33037608806864915,0.630170703489267
Hi,neither,0.03945320844208391,0.33037608806864915,0.630170703489267
NINJAAAAAA ninjaPopcorn ninjaAww,neither,0.03945320844208391,0.33037608806864915,0.630170703489267
Hey,neither,0.03945320844208391,0.33037608806864915,0.630170703489267
ninjaCreep Been here all night waiting for this,neither,0.06207476969313904,0.33458180277369326,0.6033434275331678
Hi,neither,0.03945320844208391,0.33037608806864915,0.630170703489267
!mouse,neither,0.03945320844208391,0.33037608806864915,0.630170703489267
Ninja uses the Logitech G502 https://goo.gl/HWEAjT Settings: https://imgur.com/59iRzY9,neither,0.0388669218289932,0.31974087141206614,0.6413922067589406
Hello guys,neither,0.0393123287649956,0.33276718385549703,0.6279204873795073
ninjaPon ninjaPon ninjaPon ninjaPon ninjaPon ninjaPon ninjaPon ninjaPon ninjaPon ninjaPon ninjaPon ninjaPon ninjaPon,neither,0.03945320844208391,0.33037608806864915,0.630170703489267
ninjaPon,neither,0.03945320844208391,0.33037608806864915,0.630170703489267
hii,neither,0.03945320844208391,0.33037608806864915,0.630170703489267
Esketit,neither,0.03945320844208391,0.33037608806864915,0.630170703489267
helloooooo,neither,0.03945320844208391,0.33037608806864915,0.630170703489267
Hi,neither,0.03945320844208391,0.33037608806864915,0.630170703489267
Ninja,neither,0.03945320844208391,0.33037608806864915,0.630170703489267
!time,neither,0.036668274527354654,0.377643684699956,0.5856880407726893
first,neither,0.02604892428726219,0.3349864360510187,0.6389646396617191
Yeet,neither,0.03945320844208391,0.33037608806864915,0.630170703489267
"February 2nd 2018, 9:45:51 am CST GMT-06:00",neither,0.039338306518005135,0.33041560810923676,0.6302460853727581
hi,neither,0.03945320844208391,0.33037608806864915,0.630170703489267
Wath up,offensive_language,0.031680140546704795,0.5091262166492487,0.45919364280404645
Hi,neither,0.03945320844208391,0.33037608806864915,0.630170703489267
Hez,neither,0.03945320844208391,0.33037608806864915,0.630170703489267
!headphones,neither,0.03945320844208391,0.33037608806864915,0.630170703489267
Suh,neither,0.03945320844208391,0.33037608806864915,0.630170703489267
h,neither,0.03945320844208391,0.33037608806864915,0.630170703489267
hello,neither,0.03945320844208391,0.33037608806864915,0.630170703489267
ninjaCRINJA ninjaCRINJA ninjaCRINJA ninjaCRINJA,neither,0.03945320844208391,0.33037608806864915,0.630170703489267
Lil purpp,neither,0.03945320844208391,0.33037608806864915,0.630170703489267
Hiii,neither,0.03945320844208391,0.33037608806864915,0.630170703489267
Ninja boi,neither,0.03945320844208391,0.33037608806864915,0.630170703489267
OOOOHHHH SNAP,neither,0.03945320844208391,0.33037608806864915,0.630170703489267
ninjaCRINJA ninjaCRINJA ninjaCRINJA ninjaCRINJA ninjaCRINJA ninjaCRINJA ninjaCRINJA ninjaCRINJA ninjaCRINJA ninjaCRINJA ninjaCRINJA ninjaCRINJA ninjaCRINJA ninjaCRINJA ninjaCRINJA ninjaCRINJA,neither,0.03945320844208391,0.33037608806864915,0.630170703489267
Fireeeee,neither,0.03945320844208391,0.33037608806864915,0.630170703489267
hello,neither,0.03945320844208391,0.33037608806864915,0.630170703489267
HIIIII,neither,0.03945320844208391,0.33037608806864915,0.630170703489267
the keyboard...,neither,0.03843498882663835,0.31168514531390124,0.6498798658594604
PogChamp,neither,0.03945320844208391,0.33037608806864915,0.630170703489267
ninjaCreep ninjaCreep ninjaCreep ninjaCreep ninjaCreep ninjaCreep ninjaCreep ninjaCreep ninjaCreep ninjaCreep ninjaCreep ninjaCreep ninjaCreep ninjaCreep ninjaCreep ninjaCreep,neither,0.03945320844208391,0.33037608806864915,0.630170703489267
ninjaFood ninjaFood ninjaFood,neither,0.03945320844208391,0.33037608806864915,0.630170703489267
Hi,neither,0.03945320844208391,0.33037608806864915,0.630170703489267
YA YEET,offensive_language,0.024930079393134772,0.5931503594547849,0.38191956115208037
Hey,neither,0.03945320844208391,0.33037608806864915,0.630170703489267
hi,neither,0.03945320844208391,0.33037608806864915,0.630170703489267
1,neither,0.03945320844208391,0.33037608806864915,0.630170703489267
"Welcome to SHBv4: Mod+ can now type !tinyhydrate to toggle smaller hydration reminders, !hydratefreq [1-5] to set the frequency of reminders (in hours), !hydratepause to toggle reminders, and !dehydrate to remove SHB from your channel completely.",neither,0.059171647120308486,0.2984891316273991,0.6423392212522925
Hi,neither,0.03945320844208391,0.33037608806864915,0.630170703489267
Yooo,neither,0.03945320844208391,0.33037608806864915,0.630170703489267
ninjaTooth ninjaTooth ninjaTooth ninjaTooth,neither,0.03945320844208391,0.33037608806864915,0.630170703489267
Hi,neither,0.03945320844208391,0.33037608806864915,0.630170703489267
Hey,neither,0.03945320844208391,0.33037608806864915,0.630170703489267
ceezVP ceezVP ceezVP ceezVP ceezVP ceezVP ceezVP ceezVP ceezVP ceezVP ceezVP,neither,0.03945320844208391,0.33037608806864915,0.630170703489267
YO,offensive_language,0.04010381111145228,0.5271105317972344,0.4327856570913131
ninjaAdore ninjaAdore ninjaAdore ninjaAdore ninjaAdore ninjaAdore ninjaAdore ninjaAdore,neither,0.03945320844208391,0.33037608806864915,0.630170703489267
hi,neither,0.03945320844208391,0.33037608806864915,0.630170703489267
Kreygasm Kreygasm Kreygasm Kreygasm Kreygasm Kreygasm Kreygasm Kreygasm Kreygasm Kreygasm Kreygasm Kreygasm Kreygasm,neither,0.03945320844208391,0.33037608806864915,0.630170703489267
heyyyyyyy,neither,0.03945320844208391,0.33037608806864915,0.630170703489267
hes heyboard costs 120 dollars,neither,0.03945320844208391,0.33037608806864915,0.630170703489267
hey,neither,0.03945320844208391,0.33037608806864915,0.630170703489267
yo,offensive_language,0.04010381111145228,0.5271105317972344,0.4327856570913131
Ayyy ninja,neither,0.03945320844208391,0.33037608806864915,0.630170703489267
G,neither,0.03945320844208391,0.33037608806864915,0.630170703489267
Hi,neither,0.03945320844208391,0.33037608806864915,0.630170703489267
Morning ninja,neither,0.048203553387938615,0.18185989775694275,0.7699365488551186
Yo,offensive_language,0.04010381111145228,0.5271105317972344,0.4327856570913131
Hi dad,neither,0.03945320844208391,0.33037608806864915,0.630170703489267
Heyyyyyy,neither,0.03945320844208391,0.33037608806864915,0.630170703489267
Hi,neither,0.03945320844208391,0.33037608806864915,0.630170703489267
NinjaPls,neither,0.03945320844208391,0.33037608806864915,0.630170703489267
yoooooooooooo,neither,0.03945320844208391,0.33037608806864915,0.630170703489267
just finished last nights stream and now I'm here,neither,0.062400166029679155,0.29396890767778144,0.6436309262925395
hi,neither,0.03945320844208391,0.33037608806864915,0.630170703489267
1st,neither,0.03945320844208391,0.33037608806864915,0.630170703489267
Yay ninja is on,neither,0.04393321548148611,0.3401638447999116,0.6159029397186024
Good Morning everyone,neither,0.040724576765085965,0.29551443435292063,0.6637609888819933
im in love with ninja,neither,0.02616822269663917,0.41071664482370596,0.5631151324796547
ninjaHype ninjaHype ninjaHype ninjaHype ninjaHype ninjaHype ninjaHype ninjaHype ninjaHype ninjaHype ninjaHype ninjaHype ninjaHype,neither,0.03945320844208391,0.33037608806864915,0.630170703489267
Hi,neither,0.03945320844208391,0.33037608806864915,0.630170703489267
Yoooooo Follow meeee,neither,0.03945320844208391,0.33037608806864915,0.630170703489267
ez pz first game bro,neither,0.03278456027569374,0.29588379091089034,0.6713316488134158
Sup <33 ma ninj,neither,0.03414004508908196,0.4205543364204967,0.5453056184904211
Trigger trash khed,neither,0.042196340901414366,0.11771468580540921,0.8400889732931764
Bro do you even sleep,neither,0.059198679863234294,0.40071321501281,0.5400881051239557
sup,neither,0.03945320844208391,0.33037608806864915,0.630170703489267
I love ninja,neither,0.03604913326827992,0.3463049680281636,0.6176458987035566
ninjaHype ninjaHype ninjaHype ninjaHype ninjaHype ninjaHype ninjaHype ninjaHype ninjaHype ninjaHype ninjaHype ninjaHype ninjaHype ninjaHype ninjaHype,neither,0.03945320844208391,0.33037608806864915,0.630170703489267
ceezBonding ceezBonding ceezBonding ceezBonding ceezBonding ceezBonding ceezBonding ceezBonding ceezBonding ceezBonding ceezBonding ceezBonding ceezBonding,neither,0.03945320844208391,0.33037608806864915,0.630170703489267
ScaredyCat ScaredyCat ScaredyCat ScaredyCat ScaredyCat ScaredyCat ScaredyCat ScaredyCat ScaredyCat ScaredyCat ScaredyCat,neither,0.03945320844208391,0.33037608806864915,0.630170703489267
Yeeeeeeeeeeeeeeeeeeeeeeeeeeeeet,neither,0.03945320844208391,0.33037608806864915,0.630170703489267
i can barely pay 20 dllars,neither,0.039710281943874895,0.32601287983487853,0.6342768382212467
!settings,neither,0.03945320844208391,0.33037608806864915,0.630170703489267
Graphics [https://goo.gl/tBr6Nw] | Keybinds U & O are mapped to Mouse 4 & 5 | Sens .07 [https://goo.gl/1Zv8vA] | DPI 800,neither,0.05940825338327743,0.3001685827088225,0.6404231639079
BloodTrail BloodTrail,neither,0.03945320844208391,0.33037608806864915,0.630170703489267
i here his godly fingers typing in the background PogChamp,neither,0.08826384558647968,0.2961912716190499,0.6155448827944704
Daddy ninja,neither,0.03945320844208391,0.33037608806864915,0.630170703489267
:),neither,0.03945320844208391,0.33037608806864915,0.630170703489267
yes plebs,neither,0.03945320844208391,0.33037608806864915,0.630170703489267
hey babe,neither,0.03945320844208391,0.33037608806864915,0.630170703489267
Hi,neither,0.03945320844208391,0.33037608806864915,0.630170703489267
Suhhhh,neither,0.03945320844208391,0.33037608806864915,0.630170703489267
!headset,neither,0.03945320844208391,0.33037608806864915,0.630170703489267
Beyerdynamic DT-990-Pro-250 https://goo.gl/EynznV with the Creative Sound Blaster X7 https://goo.gl/8KPSsG,neither,0.032607881588469084,0.3421343258604591,0.6252577925510718
ninjaBlind ninjaBlind ninjaBlind ninjaBlind ninjaBlind,neither,0.03945320844208391,0.33037608806864915,0.630170703489267
DrinkPurple,neither,0.03945320844208391,0.33037608806864915,0.630170703489267
3rd,neither,0.03945320844208391,0.33037608806864915,0.630170703489267
Ayeeeee,neither,0.03945320844208391,0.33037608806864915,0.630170703489267
Yooo ninja,neither,0.03945320844208391,0.33037608806864915,0.630170703489267
Niiiiinnnnjaaaa,neither,0.03945320844208391,0.33037608806864915,0.630170703489267
He’s hot,neither,0.048816739485921044,0.32715554037231576,0.6240277201417632
daddd,neither,0.03945320844208391,0.33037608806864915,0.630170703489267
ninjaHype ninjaHype ninjaHype ninjaHype ninjaHype ninjaHype ninjaHype ninjaHype ninjaHype ninjaHype ninjaHype ninjaHype ninjaHype ninjaHype ninjaHype ninjaHype,neither,0.03945320844208391,0.33037608806864915,0.630170703489267
Hi ninja,neither,0.03945320844208391,0.33037608806864915,0.630170703489267
heyyyyyyyyyyyyyyyyyyyyyyyy,neither,0.03945320844208391,0.33037608806864915,0.630170703489267
Hello,neither,0.03945320844208391,0.33037608806864915,0.630170703489267
hey,neither,0.03945320844208391,0.33037608806864915,0.630170703489267
ninjaPon ninjaPon ninjaPon ninjaPon ninjaPon ninjaPon ninjaPon ninjaPon ninjaPon ninjaPon ninjaPon ninjaPon ninjaPon ninjaPon ninjaPon ninjaPon ninjaPon ninjaPon ninjaPon ninjaPon,neither,0.03945320844208391,0.33037608806864915,0.630170703489267
ninjaPon,neither,0.03945320844208391,0.33037608806864915,0.630170703489267
What’s upp,neither,0.04568673754512718,0.3259267583143808,0.628386504140492
ninjaThrow ninjaThrow,neither,0.03945320844208391,0.33037608806864915,0.630170703489267
Penis,neither,0.03945320844208391,0.33037608806864915,0.630170703489267
lol the keyboard noise so satisfying,neither,0.033560873642663684,0.38585287378249816,0.5805862525748381
ninjaGold ninjaGold ninjaGold ninjaGold,neither,0.03945320844208391,0.33037608806864915,0.630170703489267
Crazy how he went live,neither,0.037419167787961796,0.42862478643054575,0.5339560457814925
heeey,neither,0.03945320844208391,0.33037608806864915,0.630170703489267
!song,neither,0.038601720699969956,0.3448280572582511,0.616570222041779
Neinja,neither,0.03945320844208391,0.33037608806864915,0.630170703489267
ninjaHS,neither,0.03945320844208391,0.33037608806864915,0.630170703489267
hi,neither,0.03945320844208391,0.33037608806864915,0.630170703489267
Follow me ninjaaaaaaa i love u,neither,0.02662753045582318,0.4017246417253811,0.5716478278187959
Squid1 Squid2 Squid3 Squid2 Squid4,neither,0.03945320844208391,0.33037608806864915,0.630170703489267
Dude we can hear u typing lol,neither,0.03326743803552348,0.37341405666428223,0.5933185053001941
We,neither,0.039025862747262004,0.3376292597931679,0.6233448774595702
!followage,neither,0.03945320844208391,0.33037608806864915,0.630170703489267
If you have BTTV type: /Followed ; You can get the bttv add on here: https://goo.gl/ubBaAw,neither,0.07298282171886315,0.4142730566823515,0.5127441215987854
Internet’s super laggy and emotes aren’t working great start of the day ninjaClap ninja10,neither,0.03766135491283505,0.27135444978180084,0.690984195305364
ninjaFan ninjaFan ninjaFan ninjaFan ninjaFan ninjaFan,neither,0.03945320844208391,0.33037608806864915,0.630170703489267
Maow,neither,0.03945320844208391,0.33037608806864915,0.630170703489267
jea :D,neither,0.03945320844208391,0.33037608806864915,0.630170703489267
DADDYYYYYY,neither,0.03945320844208391,0.33037608806864915,0.630170703489267
oh heellll yea,neither,0.046804910670892125,0.2635056757852452,0.6896894135438627
yo,offensive_language,0.04010381111145228,0.5271105317972344,0.4327856570913131
Niiinnnjaaaaa,neither,0.03945320844208391,0.33037608806864915,0.630170703489267
hey,neither,0.03945320844208391,0.33037608806864915,0.630170703489267
Hi,neither,0.03945320844208391,0.33037608806864915,0.630170703489267
Ninjaaaaaaaa,neither,0.03945320844208391,0.33037608806864915,0.630170703489267
ninjaSplode1 ninjaSplode2 ninjaSplode3 ninjaSplode4,neither,0.03945320844208391,0.33037608806864915,0.630170703489267
ATYYYY,neither,0.03945320844208391,0.33037608806864915,0.630170703489267
goodmorning @ninja and chat HeyGuys HeyGuys,neither,0.03882407308108372,0.2992186124764858,0.6619573144424304
We here baby!!!,neither,0.11505598592084569,0.27834844002523923,0.6065955740539151
"Jeybalaji -> Say ""hello"" to my little friend! [stop posting links] [warning]",neither,0.035710965476619005,0.4265770568558697,0.5377119776675113
DrinkPurple DrinkPurple DrinkPurple DrinkPurple DrinkPurple DrinkPurple DrinkPurple DrinkPurple DrinkPurple DrinkPurple DrinkPurple DrinkPurple DrinkPurple DrinkPurple DrinkPurple DrinkPurple DrinkPurple DrinkPurple DrinkPurple DrinkPurple,neither,0.03945320844208391,0.33037608806864915,0.630170703489267
hello,neither,0.03945320844208391,0.33037608806864915,0.630170703489267
waddup ninja,neither,0.03945320844208391,0.33037608806864915,0.630170703489267
ninjaWifey ninjaWifey ninjaWifey,neither,0.03945320844208391,0.33037608806864915,0.630170703489267
Hello,neither,0.03945320844208391,0.33037608806864915,0.630170703489267
PunchTrees PunchTrees PunchTrees PunchTrees PunchTrees PunchTrees PunchTrees PunchTrees PunchTrees PunchTrees PunchTrees,neither,0.03945320844208391,0.33037608806864915,0.630170703489267
Hi,neither,0.03945320844208391,0.33037608806864915,0.630170703489267
ninjaLaunch ninjaLaunch ninjaLaunch ninjaLaunch ninjaLaunch ninjaLaunch,neither,0.03945320844208391,0.33037608806864915,0.630170703489267
WHATS UP NINJA,neither,0.03696264145288427,0.3805754415266652,0.5824619170204506
"Hi, ninja",neither,0.03945320844208391,0.33037608806864915,0.630170703489267
Let's all potato together <3,neither,0.02594104987735203,0.43656429917793815,0.5374946509447098
dad,neither,0.03945320844208391,0.33037608806864915,0.630170703489267
💯th,neither,0.03945320844208391,0.33037608806864915,0.630170703489267
Pon pon,neither,0.03945320844208391,0.33037608806864915,0.630170703489267
TheRinger StoneLightning StoneLightning StoneLightning StoneLightning,neither,0.03945320844208391,0.33037608806864915,0.630170703489267
Do you know the wae,neither,0.05749762685108089,0.3580964905844566,0.5844058825644625
Hello Guys,neither,0.0393123287649956,0.33276718385549703,0.6279204873795073
niiiiinnnnjaaaaaaa,neither,0.03945320844208391,0.33037608806864915,0.630170703489267
quick golden Kappa check,neither,0.03945320844208391,0.33037608806864915,0.630170703489267
aeeew,neither,0.03945320844208391,0.33037608806864915,0.630170703489267
BegWan,neither,0.03945320844208391,0.33037608806864915,0.630170703489267
yoooooo,neither,0.03945320844208391,0.33037608806864915,0.630170703489267
how much family does he have?,neither,0.0272578784599869,0.45384781208472125,0.5188943094552918
<3 <3 <3 <3 <3,neither,0.03945320844208391,0.33037608806864915,0.630170703489267
yo thedopHYPE,offensive_language,0.04010381111145228,0.5271105317972344,0.4327856570913131
ninjaHype ninjaHype ninjaHype ninjaHype ninjaHype ninjaHype ninjaHype ninjaHype ninjaHype ninjaHype,neither,0.03945320844208391,0.33037608806864915,0.630170703489267
cuckss!!!!,neither,0.03945320844208391,0.33037608806864915,0.630170703489267
hello there,neither,0.03937036753510788,0.27621722592919734,0.6844124065356949
"LETS GO BABYYYY, LETS GOO",neither,0.03910829312099092,0.3550959851127065,0.6057957217663026
Wow there’s already a God’s Plan remix?,neither,0.03866222769728679,0.31252084621112436,0.6488169260915888
all these banned ppl lol,offensive_language,0.04186584375310673,0.551557028681201,0.4065771275656923
Kappa,neither,0.03945320844208391,0.33037608806864915,0.630170703489267
I was just listening to this,neither,0.04112028526903375,0.35381638510826685,0.6050633296226994
greekBrow greekBrow greekBrow greekBrow greekBrow greekBrow greekBrow greekBrow greekBrow greekBrow greekBrow,neither,0.03945320844208391,0.33037608806864915,0.630170703489267
I have waited and waited for you sweet cheeks,neither,0.0427427846703889,0.318214220311554,0.6390429950180571
@guy_greniot,neither,0.03945320844208391,0.33037608806864915,0.630170703489267
ninjaH ninjaH ninjaH ninjaH ninjaH ninjaH ninjaH ninjaH ninjaH ninjaH,neither,0.03945320844208391,0.33037608806864915,0.630170703489267
ninjaCreep ninjaCreep ninjaCreep ninjaCreep ninjaCreep ninjaCreep ninjaCreep ninjaCreep ninjaCreep,neither,0.03945320844208391,0.33037608806864915,0.630170703489267
ninjaCRINJA,neither,0.03945320844208391,0.33037608806864915,0.630170703489267
Hi,neither,0.03945320844208391,0.33037608806864915,0.630170703489267
!subcount,neither,0.03945320844208391,0.33037608806864915,0.630170703489267
Currently there are 27384 subscribed,neither,0.07087749722926778,0.23135887718097997,0.6977636255897524
Yeeeee,neither,0.03945320844208391,0.33037608806864915,0.630170703489267
NINJA UR A BEAAASSTTT,neither,0.06929852819268831,0.3201109140312965,0.6105905577760151
!family,neither,0.03945320844208391,0.33037608806864915,0.630170703489267
Kappa,neither,0.03945320844208391,0.33037608806864915,0.630170703489267
ninjaShrug,neither,0.03945320844208391,0.33037608806864915,0.630170703489267
yesssss,neither,0.03945320844208391,0.33037608806864915,0.630170703489267
ninjaPon ninjaPon ninjaPon ninjaPon ninjaPon ninjaPon ninjaPon ninjaPon ninjaPon ninjaPon ninjaPon ninjaPon ninjaPon ninjaPon ninjaPon ninjaPon ninjaPon ninjaPon ninjaPon ninjaPon ninjaPon ninjaPon ninjaPon ninjaPon ninjaPon,neither,0.03945320844208391,0.33037608806864915,0.630170703489267
hi,neither,0.03945320844208391,0.33037608806864915,0.630170703489267
ninjaPon,neither,0.03945320844208391,0.33037608806864915,0.630170703489267
Hi,neither,0.03945320844208391,0.33037608806864915,0.630170703489267
ninjaWifey ninjaWifey ninjaWifey,neither,0.03945320844208391,0.33037608806864915,0.630170703489267
ninjaCRINJA,neither,0.03945320844208391,0.33037608806864915,0.630170703489267
niata,neither,0.03945320844208391,0.33037608806864915,0.630170703489267
Rofl,neither,0.03945320844208391,0.33037608806864915,0.630170703489267
Ninja,neither,0.03945320844208391,0.33037608806864915,0.630170703489267
Hello,neither,0.03945320844208391,0.33037608806864915,0.630170703489267
im legit playing fortnite while watching your stream,neither,0.058923606254110625,0.34737187309366996,0.5937045206522193
Hello,neither,0.03945320844208391,0.33037608806864915,0.630170703489267
Whatsgoing on,neither,0.02983740057173753,0.3797445071048369,0.5904180923234256
ninjaWifey ninjaWifey ninjaWifey ninjaWifey ninjaWifey ninjaWifey ninjaWifey,neither,0.03945320844208391,0.33037608806864915,0.630170703489267
Group Hug!,neither,0.03945320844208391,0.33037608806864915,0.630170703489267
HOLY NINJA,neither,0.03945320844208391,0.33037608806864915,0.630170703489267
ninjaPon ninjaPon ninjaPon ninjaPon ninjaPon ninjaPon,neither,0.03945320844208391,0.33037608806864915,0.630170703489267
First,neither,0.02604892428726219,0.3349864360510187,0.6389646396617191
Goodmorning? for me it is 16:47,neither,0.03405094888439897,0.33497613398852044,0.6309729171270806
I,neither,0.03945320844208391,0.33037608806864915,0.630170703489267
hola,neither,0.03945320844208391,0.33037608806864915,0.630170703489267
BloodTrail,neither,0.03945320844208391,0.33037608806864915,0.630170703489267
greekBoring greekBoring greekBoring greekBoring greekBoring,neither,0.03945320844208391,0.33037608806864915,0.630170703489267
ninjaPon,neither,0.03945320844208391,0.33037608806864915,0.630170703489267
literally just finished last nights stream,neither,0.03639630543953383,0.34459693493109617,0.61900675962937
Hi,neither,0.03945320844208391,0.33037608806864915,0.630170703489267
XboxBlack XboxBlack XboxBlack XboxBlack XboxBlack XboxBlack XboxBlack XboxBlack,neither,0.03945320844208391,0.33037608806864915,0.630170703489267
ninjaTooth ninjaTooth,neither,0.03945320844208391,0.33037608806864915,0.630170703489267
ceezDathwa ceezDathwa ceezDathwa ceezDathwa ceezDathwa ceezDathwa ceezDathwa ceezDathwa ceezDathwa,neither,0.03945320844208391,0.33037608806864915,0.630170703489267
hello,neither,0.03945320844208391,0.33037608806864915,0.630170703489267
dheyloPapis dheyloPapis dheyloPapis dheyloPapis dheyloPapis dheyloPapis dheyloPapis dheyloPapis,neither,0.03945320844208391,0.33037608806864915,0.630170703489267
Ninja is ONLINE and ready for action,neither,0.03998814178375518,0.28177453450332146,0.6782373237129232
uhhh YEEET,neither,0.03945320844208391,0.33037608806864915,0.630170703489267
yuuuuhhh,neither,0.03945320844208391,0.33037608806864915,0.630170703489267
@guy_greniot ca quitte vite le stram de cj23 ahah,neither,0.03945320844208391,0.33037608806864915,0.630170703489267
Henlo ninja,neither,0.03945320844208391,0.33037608806864915,0.630170703489267
Hey ninja,neither,0.03945320844208391,0.33037608806864915,0.630170703489267
"Lets call Ninja ""Shinobi"" xd",neither,0.03869970034871444,0.34316508691255015,0.6181352127387354
Let's get is,neither,0.024382039293977,0.39487181149748785,0.5807461492085352
Hey,neither,0.03945320844208391,0.33037608806864915,0.630170703489267
!playlist,neither,0.03945320844208391,0.33037608806864915,0.630170703489267
dsfwefewdwqldsadmsafsdfwe,neither,0.03945320844208391,0.33037608806864915,0.630170703489267
This is the playlist Ninja uses SOMETIMES https://goo.gl/jxSCC2,neither,0.04395166016981906,0.3190785640150811,0.6369697758150997
godsplan nightcore?,neither,0.03945320844208391,0.33037608806864915,0.630170703489267
ninjaClap ninjaClap ninjaClap ninjaClap ninjaClap ninjaClap ninjaClap ninjaClap ninjaClap ninjaClap ninjaClap ninjaClap ninjaClap,neither,0.03945320844208391,0.33037608806864915,0.630170703489267
Hello Dad,neither,0.03945320844208391,0.33037608806864915,0.630170703489267
TheTarFu,neither,0.03945320844208391,0.33037608806864915,0.630170703489267
hi,neither,0.03945320844208391,0.33037608806864915,0.630170703489267
my dude ninja always got the jams playing,neither,0.029615388215265187,0.44012091023222294,0.5302637015525119
when does it actually start?,neither,0.01904191189127893,0.48953227452516407,0.4914258135835569
OptimizePrime,neither,0.03945320844208391,0.33037608806864915,0.630170703489267
ninja knows de wae,neither,0.03945320844208391,0.33037608806864915,0.630170703489267
Wassup ninjaaa,neither,0.33529425248498695,0.08556156890646638,0.5791441786085466
<3 <3,neither,0.03945320844208391,0.33037608806864915,0.630170703489267
Y,neither,0.03945320844208391,0.33037608806864915,0.630170703489267
Hello,neither,0.03945320844208391,0.33037608806864915,0.630170703489267
Is the lmg out yet?,neither,0.04273394046446929,0.3273887177686671,0.6298773417668635
!time,neither,0.036668274527354654,0.377643684699956,0.5856880407726893
Lol,neither,0.020706217963973744,0.4882283491876925,0.4910654328483337
"February 2nd 2018, 9:47:34 am CST GMT-06:00",neither,0.03934981258792441,0.33041165064417377,0.6302385367679018
Ninja FTW,neither,0.03945320844208391,0.33037608806864915,0.630170703489267
What is he streaming?,neither,0.06178624718456569,0.3206471595945514,0.6175665932208829
hello,neither,0.03945320844208391,0.33037608806864915,0.630170703489267
WHAAAAAAT UP,neither,0.03652901740313922,0.3899780138970196,0.5734929686998411
greekShhh greekShhh greekShhh greekShhh greekShhh greekShhh greekShhh,neither,0.03945320844208391,0.33037608806864915,0.630170703489267
Hello kid,neither,0.03899502579656068,0.3381526433245978,0.6228523308788416
liaphHi liaphHi liaphHi liaphHi liaphHi liaphHi,neither,0.03945320844208391,0.33037608806864915,0.630170703489267
how is EVERYONE doing on this friday morning?,neither,0.044915986934121105,0.31663621027220523,0.6384478027936735
good morning baby girl,neither,0.04023189477890894,0.24659768766103482,0.7131704175600563
D,neither,0.03945320844208391,0.33037608806864915,0.630170703489267
ninjaHi all!!,offensive_language,0.046917543854519406,0.6277741405869331,0.3253083155585475
te amo ninja. no te preocupes por tu esposa no setien que enterar de lo nuestro hihihi,neither,0.03879680075956784,0.341517039528489,0.6196861597119432
@xessejjesse same,neither,0.04148851938089603,0.3488915597363099,0.609619920882794
gods plan.......yeah,neither,0.021583956343016814,0.4563940290624522,0.522022014594531
hey,neither,0.03945320844208391,0.33037608806864915,0.630170703489267
Yoooo,neither,0.03945320844208391,0.33037608806864915,0.630170703489267
@xessejjesse same :’),neither,0.04148851938089603,0.3488915597363099,0.609619920882794
DansGame DansGame DansGame,neither,0.03945320844208391,0.33037608806864915,0.630170703489267
Hey @Ninja,neither,0.03945320844208391,0.33037608806864915,0.630170703489267
PON PON!!!,neither,0.03945320844208391,0.33037608806864915,0.630170703489267
BegWan,neither,0.03945320844208391,0.33037608806864915,0.630170703489267
Jeybalaji -> This really pisses me off! [stop posting links],neither,0.03426326125326236,0.40933253145192383,0.5564042072948138
Hello everyone back for another day with the god himself,neither,0.04681905458050599,0.33972368759959193,0.613457257819902
h,neither,0.03945320844208391,0.33037608806864915,0.630170703489267
greekD1 greekD2,neither,0.03945320844208391,0.33037608806864915,0.630170703489267
blowin on this dick u a fruit,offensive_language,0.05641672767726907,0.8233277757980959,0.12025549652463503
Yo,offensive_language,0.04010381111145228,0.5271105317972344,0.4327856570913131
Hi,neither,0.03945320844208391,0.33037608806864915,0.630170703489267
Thh,neither,0.03945320844208391,0.33037608806864915,0.630170703489267
which remix to gods plan is this?,neither,0.05242615067528353,0.32584445343606855,0.6217293958886481
ninjaHype ninjaHype ninjaHype ninjaHype ninjaHype ninjaHype ninjaHype ninjaHype ninjaHype ninjaHype ninjaHype,neither,0.03945320844208391,0.33037608806864915,0.630170703489267
XD,neither,0.03945320844208391,0.33037608806864915,0.630170703489267
This s already 5PM broooo,neither,0.038317544954089816,0.3496512613054354,0.6120311937404748
all good scrub hbu?,neither,0.040671499026791756,0.4073941109523001,0.5519343900209082
I gots school is 10 mins,neither,0.046229545234681084,0.3280453951126684,0.6257250596526505
OH OUAIS,neither,0.051363287716059566,0.22255663153133606,0.7260800807526044
!uptime,neither,0.03945320844208391,0.33037608806864915,0.630170703489267
,neither,0.03945320844208391,0.33037608806864915,0.630170703489267
,neither,0.03945320844208391,0.33037608806864915,0.630170703489267
ninjaCreep ninjaCreep ninjaCreep ninjaCreep,neither,0.03945320844208391,0.33037608806864915,0.630170703489267
Ninja has been streaming for 2 minutes 47 seconds,neither,0.036009324457300686,0.31219823727366697,0.6517924382690324
hi,neither,0.03945320844208391,0.33037608806864915,0.630170703489267
at son school doing the watch dog program,neither,0.04213583094580529,0.3342828154318047,0.6235813536223901
School on a Friday 🙃🙃🙃,neither,0.03601777192880533,0.3469723487391036,0.6170098793320912
@Theferalpig why dont you go and look???,neither,0.044233748467917,0.35670201575319466,0.5990642357788883
XD,neither,0.03945320844208391,0.33037608806864915,0.630170703489267
xd,neither,0.03945320844208391,0.33037608806864915,0.630170703489267
sup,neither,0.03945320844208391,0.33037608806864915,0.630170703489267
ninjaAdore ninjaTooth ninjaClap ninjaRekt ninjaCreep ninjaCash ninjaCry ninjaAim ninjaFood ninjaBlind ninjaHS ninjaCRINJA ninjaThirst ninjaShrug ninjaTroll ninjaS ninjaBlood ninjaPopcorn ninjaPrime ninjaFan ninjaBits ninjaHi ninjaGold ninjaK ninjaHype ninjaHype ninjaH,neither,0.03945320844208391,0.33037608806864915,0.630170703489267
ninjaPon ninjaPon ninjaPon ninjaPon ninjaPon ninjaPon ninjaPon ninjaPon ninjaPon ninjaPon ninjaPon,neither,0.03945320844208391,0.33037608806864915,0.630170703489267
sup,neither,0.03945320844208391,0.33037608806864915,0.630170703489267
ninjaPon,neither,0.03945320844208391,0.33037608806864915,0.630170703489267
ninjaLaser ninjaLaser ninjaLaser ninjaLaser,neither,0.03945320844208391,0.33037608806864915,0.630170703489267
#Ninja,neither,0.03945320844208391,0.33037608806864915,0.630170703489267
!song,neither,0.038601720699969956,0.3448280572582511,0.616570222041779
Jesus is the saviour he died for our sins. Repent from your sins and put your faith and trust in Christ,neither,0.06569485315769702,0.267870435711905,0.6664347111303979
Daddy you blow my mind with those lil clips,neither,0.047516920170644975,0.4021266601302281,0.5503564196991269
ninjaCreep ninjaCreep ninjaCreep ninjaCreep ninjaCreep ninjaCreep ninjaCreep ninjaCreep ninjaCreep ninjaCreep,neither,0.03945320844208391,0.33037608806864915,0.630170703489267
SHIT REMIX,offensive_language,0.043154295606401626,0.9566012120041857,0.00024449238941269666
hey PAPAPAPAPAPAPAP,neither,0.03945320844208391,0.33037608806864915,0.630170703489267
YEEEEEEEES,neither,0.03945320844208391,0.33037608806864915,0.630170703489267
<3 <3 <3 <3 <3 <3,neither,0.03945320844208391,0.33037608806864915,0.630170703489267
greekYikes greekYikes greekYikes greekYikes greekYikes greekYikes greekYikes,neither,0.03945320844208391,0.33037608806864915,0.630170703489267
PopCorn Squid3 HSWP,neither,0.03945320844208391,0.33037608806864915,0.630170703489267
NinjaGrumpy NinjaGrumpy NinjaGrumpy NinjaGrumpy NinjaGrumpy NinjaGrumpy NinjaGrumpy NinjaGrumpy NinjaGrumpy NinjaGrumpy NinjaGrumpy NinjaGrumpy NinjaGrumpy,neither,0.03945320844208391,0.33037608806864915,0.630170703489267
PogChamp PogChamp PogChamp PogChamp,neither,0.03945320844208391,0.33037608806864915,0.630170703489267
YO I DESERVE RESPECT CAUSE IM 14 AND ITS 2:48 WHERE I LIVE,neither,0.042276766431816555,0.3633034396232755,0.594419793944908
Good day kind sir :D,neither,0.03931151180805799,0.31664187225860124,0.6440466159333407
,neither,0.03945320844208391,0.33037608806864915,0.630170703489267
,neither,0.03945320844208391,0.33037608806864915,0.630170703489267
mawnin,neither,0.03945320844208391,0.33037608806864915,0.630170703489267
TriHard Clap,neither,0.03945320844208391,0.33037608806864915,0.630170703489267
Kappa Kappa Kappa Kappa Kappa,neither,0.03945320844208391,0.33037608806864915,0.630170703489267
ninjaPon,neither,0.03945320844208391,0.33037608806864915,0.630170703489267
ninjaPon ninjaPon ninjaPon ninjaPon ninjaPon ninjaPon ninjaPon ninjaPon ninjaPon ninjaPon ninjaPon ninjaPon ninjaPon ninjaPon ninjaPon ninjaPon ninjaPon ninjaPon ninjaPon ninjaPon ninjaPon,neither,0.03945320844208391,0.33037608806864915,0.630170703489267
ninjaH ninjaH ninjaH ninjaH ninjaH ninjaH ninjaH,neither,0.03945320844208391,0.33037608806864915,0.630170703489267
ninjaPon ninjaPon ninjaPon ninjaPon ninjaPon ninjaPon ninjaPon ninjaPon ninjaPon ninjaPon ninjaPon ninjaPon,neither,0.03945320844208391,0.33037608806864915,0.630170703489267
Kappa,neither,0.03945320844208391,0.33037608806864915,0.630170703489267
now we can talk. he will turn on subscribers chat only in a bit,neither,0.029465433096062792,0.3248647190218493,0.6456698478820879
WOOOOOPWOOOOP HYPE,neither,0.03945320844208391,0.33037608806864915,0.630170703489267
ninjaCreep ninjaCreep ninjaCreep ninjaCreep ninjaCreep ninjaCreep ninjaCreep ninjaCreep,neither,0.03945320844208391,0.33037608806864915,0.630170703489267
ninjaS ninjaStars ninjaBomb ninjaBits ninjaPrime ninjaHS ninjaCRINJA ninjaCRINJA ninjaCRINJA ninjaCRINJA ninjaCRINJA,neither,0.03945320844208391,0.33037608806864915,0.630170703489267
Gift me a sub,neither,0.03224929185954944,0.3693872226007993,0.5983634855396512
Daddy,neither,0.03945320844208391,0.33037608806864915,0.630170703489267
ninjaAdore ninjaAdore ninjaAdore ninjaAdore ninjaAdore ninjaAdore,neither,0.03945320844208391,0.33037608806864915,0.630170703489267
ninja go!,neither,0.040893462716063485,0.3353768039856035,0.623729733298333
greekYikes greekYikes greekYikes,neither,0.03945320844208391,0.33037608806864915,0.630170703489267
"ninjacheer500 Just got a new G502, hype. :^) love ya",offensive_language,0.023349628245845796,0.5540828569080642,0.42256751484609006
Popcorn at ready lets goooo,neither,0.03833128593553447,0.3569143392672251,0.6047543747972405
Ghg,neither,0.03945320844208391,0.33037608806864915,0.630170703489267
!settings,neither,0.03945320844208391,0.33037608806864915,0.630170703489267
ninjaGold ninjaGold ninjaGold ninjaGold ninjaGold ninjaGold,neither,0.03945320844208391,0.33037608806864915,0.630170703489267
"holy, as soon as the notification comes out, 4k viewers",neither,0.0344211789296505,0.3681640819930479,0.5974147390773016
Graphics [https://goo.gl/tBr6Nw] | Keybinds U & O are mapped to Mouse 4 & 5 | Sens .07 [https://goo.gl/1Zv8vA] | DPI 800,neither,0.05940825338327743,0.3001685827088225,0.6404231639079
ninjaPon,neither,0.03945320844208391,0.33037608806864915,0.630170703489267
Ninja mon dieu que ferais je sans toi .. bb,neither,0.03945320844208391,0.33037608806864915,0.630170703489267
Hahaha hear the guy singing,neither,0.03830875289861608,0.3229898157316938,0.6387014313696902
ninjaPon ninjaPon ninjaPon ninjaPon ninjaPon ninjaPon ninjaPon ninjaPon ninjaPon ninjaPon,neither,0.03945320844208391,0.33037608806864915,0.630170703489267
TriHard TriHard TriHard TriHard TriHard TriHard,neither,0.03945320844208391,0.33037608806864915,0.630170703489267
ninjaH ninjaH ninjaH ninjaH,neither,0.03945320844208391,0.33037608806864915,0.630170703489267
,neither,0.03945320844208391,0.33037608806864915,0.630170703489267
,neither,0.03945320844208391,0.33037608806864915,0.630170703489267
hi everyone!!,neither,0.032490659208996964,0.4485487193596734,0.5189606214313296
HELLO NINJA,neither,0.03945320844208391,0.33037608806864915,0.630170703489267
ninjaGift ninjaHyper ninjaHyperr,neither,0.03945320844208391,0.33037608806864915,0.630170703489267
,neither,0.03945320844208391,0.33037608806864915,0.630170703489267
,neither,0.03945320844208391,0.33037608806864915,0.630170703489267
BloodTrail BloodTrail BloodTrail BloodTrail BloodTrail BloodTrail BloodTrail BloodTrail BloodTrail,neither,0.03945320844208391,0.33037608806864915,0.630170703489267
yooooooo,neither,0.03945320844208391,0.33037608806864915,0.630170703489267
Test,neither,0.03945320844208391,0.33037608806864915,0.630170703489267
ninjaH ninjaK ninjaAmazing ninjaK ninjaK ninjaH ninjaCreep ninjaCreep,neither,0.03945320844208391,0.33037608806864915,0.630170703489267
ninjaPon ninjaPon ninjaPon ninjaPon ninjaPon ninjaPon ninjaPon ninjaPon ninjaPon ninjaPon ninjaPon ninjaPon ninjaPon ninjaPon ninjaPon ninjaPon ninjaPon ninjaPon,neither,0.03945320844208391,0.33037608806864915,0.630170703489267
ninjaPon ninjaPon ninjaPon ninjaPon ninjaPon ninjaPon ninjaPon ninjaPon ninjaPon ninjaPon ninjaPon ninjaPon ninjaPon ninjaPon ninjaPon ninjaPon ninjaPon ninjaPon ninjaPon ninjaPon ninjaPon ninjaPon ninjaPon ninjaPon ninjaPon ninjaPon ninjaPon ninjaPon ninjaPon ninjaPon,neither,0.03945320844208391,0.33037608806864915,0.630170703489267
WHATS UP DAD!;D,neither,0.03666461664492072,0.3870160638903493,0.5763193194647299
nerd,neither,0.03945320844208391,0.33037608806864915,0.630170703489267
hi ninja,neither,0.03945320844208391,0.33037608806864915,0.630170703489267
Hey,neither,0.03945320844208391,0.33037608806864915,0.630170703489267
Ninja is my dad,neither,0.03480173492937403,0.411718662623024,0.5534796024476021
ninjaGold ninjaGold ninjaGold ninjaGold ninjaGold ninjaGold,neither,0.03945320844208391,0.33037608806864915,0.630170703489267
ninjaGold ninjaGold ninjaGold ninjaGold ninjaGold ninjaGold ninjaGold ninjaGold ninjaGold ninjaGold,neither,0.03945320844208391,0.33037608806864915,0.630170703489267
ninjaGold ninjaGold ninjaGold ninjaGold ninjaGold ninjaGold ninjaGold ninjaGold ninjaGold ninjaGold ninjaGold,neither,0.03945320844208391,0.33037608806864915,0.630170703489267
ninjaTooth ninjaTooth ninjaTooth ninjaTooth,neither,0.03945320844208391,0.33037608806864915,0.630170703489267
Calling first death today.... it will be ninjaSplat related,neither,0.03349741894756848,0.30071663329139897,0.6657859477610325
panicBasket panicBasket panicBasket,neither,0.03945320844208391,0.33037608806864915,0.630170703489267
Yeyeyeye,neither,0.03945320844208391,0.33037608806864915,0.630170703489267
ninjaGold ninjaGold ninjaGold ninjaGold ninjaGold ninjaGold ninjaGold ninjaGold ninjaGold,neither,0.03945320844208391,0.33037608806864915,0.630170703489267
PON PON INTENSIFIES,neither,0.03945320844208391,0.33037608806864915,0.630170703489267
Hey,neither,0.03945320844208391,0.33037608806864915,0.630170703489267
You don’t just get respect,neither,0.052891664535967844,0.43380375329754844,0.5133045821664837
Wassssuuuuuppü,neither,0.03945320844208391,0.33037608806864915,0.630170703489267
What is he streaming?,neither,0.06178624718456569,0.3206471595945514,0.6175665932208829
WutFace WutFace WutFace WutFace WutFace WutFace WutFace WutFace WutFace WutFace,neither,0.03945320844208391,0.33037608806864915,0.630170703489267
ma boiiiiiii love from oz mate,neither,0.03314211965133034,0.4130315670185084,0.5538263133301612
,neither,0.03945320844208391,0.33037608806864915,0.630170703489267
,neither,0.03945320844208391,0.33037608806864915,0.630170703489267
song link please,neither,0.03902064703261863,0.3377177840825965,0.6232615688847849
whats upp dawgg,neither,0.03945320844208391,0.33037608806864915,0.630170703489267
yeeeeeeeeeeeeessssssssssss,neither,0.03945320844208391,0.33037608806864915,0.630170703489267
greekBrow greekBrow greekBrow greekBrow greekBrow greekBrow greekBrow greekBrow greekBrow,neither,0.03945320844208391,0.33037608806864915,0.630170703489267
PokCharizard,neither,0.03945320844208391,0.33037608806864915,0.630170703489267
!monitor,neither,0.03945320844208391,0.33037608806864915,0.630170703489267
Gift me sub pleaseee,neither,0.03381803543172865,0.36044135752966605,0.6057406070386052
ninjaGold ninjaGold ninjaGold ninjaGold ninjaGold ninjaGold ninjaGold ninjaGold ninjaGold ninjaGold ninjaGold ninjaGold ninjaGold ninjaGold ninjaGold,neither,0.03945320844208391,0.33037608806864915,0.630170703489267
Ninja uses the Alienware 25 Gaming Monitor: AW2518H | https://goo.gl/VGv2Cr,neither,0.03886315837213703,0.31967157300357635,0.6414652686242865
How I️ fix my emotes,neither,0.02677065245616954,0.4308013928136408,0.5424279547301897
ninjaCRINJA ninjaCRINJA ninjaCRINJA ninjaCRINJA ninjaCRINJA ninjaCRINJA ninjaCRINJA,neither,0.03945320844208391,0.33037608806864915,0.630170703489267
Dnnd,neither,0.03945320844208391,0.33037608806864915,0.630170703489267
ninjaGold ninjaGold ninjaGold ninjaGold ninjaGold ninjaGold ninjaGold,neither,0.03945320844208391,0.33037608806864915,0.630170703489267
HumbleLife HumbleLife HumbleLife HumbleLife TTours TTours TTours TTours TTours KappaPride KappaPride KappaPride SeemsGood DendiFace riPepperonis CorgiDerp PRChase TTours,neither,0.03945320844208391,0.33037608806864915,0.630170703489267
ninjaGold ninjaGold ninjaGold ninjaGold ninjaGold ninjaGold ninjaGold ninjaGold,neither,0.03945320844208391,0.33037608806864915,0.630170703489267
bars,neither,0.03945320844208391,0.33037608806864915,0.630170703489267
CoolCat CoolCat,neither,0.03945320844208391,0.33037608806864915,0.630170703489267
What's up,neither,0.04549209283961305,0.43877665191533993,0.5157312552450469
ninjaPopcorn ninjaPopcorn ninjaPopcorn ninjaPopcorn ninjaPopcorn ninjaPopcorn,neither,0.03945320844208391,0.33037608806864915,0.630170703489267
BARZ,neither,0.03945320844208391,0.33037608806864915,0.630170703489267
Early,neither,0.042215779998293526,0.28348803902252573,0.6742961809791808
Kappa,neither,0.03945320844208391,0.33037608806864915,0.630170703489267
ninjaGold ninjaGold ninjaGold ninjaGold ninjaGold ninjaGold ninjaGold ninjaGold ninjaGold ninjaGold ninjaGold,neither,0.03945320844208391,0.33037608806864915,0.630170703489267
Song?,neither,0.038601720699969956,0.3448280572582511,0.616570222041779
ninjaCash ninjaCash ninjaCash ninjaCash,neither,0.03945320844208391,0.33037608806864915,0.630170703489267
ninjaPopcorn ninjaPopcorn ninjaPopcorn ninjaPopcorn,neither,0.03945320844208391,0.33037608806864915,0.630170703489267
TriHard Clap .,neither,0.03945320844208391,0.33037608806864915,0.630170703489267
ninjaGold ninjaGold ninjaGold ninjaGold ninjaGold ninjaGold ninjaGold ninjaGold ninjaGold ninjaGold ninjaGold ninjaGold ninjaGold ninjaGold ninjaGold ninjaGold,neither,0.03945320844208391,0.33037608806864915,0.630170703489267
ninjaTroll ninjaTroll ninjaTroll ninjaTroll,neither,0.03945320844208391,0.33037608806864915,0.630170703489267
Is the update live,neither,0.053454805801998684,0.30793661912611403,0.6386085750718874
Ninja have a son with my mother and my gf,neither,0.01984298753483043,0.4412298365228884,0.5389271759422812
i just subbed,neither,0.03446215123834754,0.35403638765649625,0.6115014611051561
YEET,neither,0.03945320844208391,0.33037608806864915,0.630170703489267
ceezBarz,neither,0.03945320844208391,0.33037608806864915,0.630170703489267
Lesssss go boi,neither,0.04102750628789033,0.3358436716125588,0.623128822099551
ninjaHype ninjaHype ninjaHype ninjaHype ninjaHype ninjaHype,neither,0.03945320844208391,0.33037608806864915,0.630170703489267
Wassup,neither,0.33529425248498695,0.08556156890646638,0.5791441786085466
ninjaGold ninjaGold ninjaGold ninjaGold ninjaGold ninjaGold ninjaGold ninjaGold ninjaGold ninjaGold ninjaGold ninjaGold ninjaGold ninjaGold ninjaGold,neither,0.03945320844208391,0.33037608806864915,0.630170703489267
ninjaGold ninjaGold ninjaGold ninjaGold,neither,0.03945320844208391,0.33037608806864915,0.630170703489267
Wakey wakey ninjas,neither,0.03945320844208391,0.33037608806864915,0.630170703489267
MrDestructoid,neither,0.03945320844208391,0.33037608806864915,0.630170703489267
Hahaha,neither,0.03945320844208391,0.33037608806864915,0.630170703489267
my ears man lol jk ily,neither,0.02641809057737895,0.4808738363044033,0.4927080731182178
I thought the cosplay was today,neither,0.04014755894904806,0.21895150022882118,0.7409009408221308
ninjaGold ninjaGold ninjaGold ninjaGold ninjaGold ninjaGold ninjaGold ninjaGold ninjaGold ninjaGold ninjaGold ninjaGold ninjaGold ninjaGold ninjaGold,neither,0.03945320844208391,0.33037608806864915,0.630170703489267
👎👎👎,neither,0.03945320844208391,0.33037608806864915,0.630170703489267
!uptime,neither,0.03945320844208391,0.33037608806864915,0.630170703489267
Ninja has been streaming for 3 minutes 34 seconds,neither,0.03605278841535164,0.31242796755837576,0.6515192440262725
Gift me sub :(,neither,0.03224929185954944,0.3693872226007993,0.5983634855396512
Kappa,neither,0.03945320844208391,0.33037608806864915,0.630170703489267
Hallo,neither,0.03945320844208391,0.33037608806864915,0.630170703489267
tvjtuvjbv,neither,0.03945320844208391,0.33037608806864915,0.630170703489267
ninjaHype ninjaHype ninjaHype ninjaHype ninjaHype ninjaHype ninjaHype,neither,0.03945320844208391,0.33037608806864915,0.630170703489267
Yeet,neither,0.03945320844208391,0.33037608806864915,0.630170703489267
Sup brooooooooooooooooo,neither,0.03945320844208391,0.33037608806864915,0.630170703489267
Stayed up all night watching DK drop 3 30 bombs in sniper shootout now just eating breakfast and having a coffee before I go sleep,neither,0.04004438618265291,0.32847319727150454,0.6314824165458426
TwitchRPG TwitchRPG TwitchRPG TwitchRPG,neither,0.03945320844208391,0.33037608806864915,0.630170703489267
LuL,neither,0.03945320844208391,0.33037608806864915,0.630170703489267
CurseLit CurseLit CurseLit CurseLit CurseLit CurseLit CurseLit CurseLit CurseLit CurseLit CurseLit CurseLit,neither,0.03945320844208391,0.33037608806864915,0.630170703489267
Here don't forgetr,neither,0.16881428798077977,0.24667760810898046,0.5845081039102398
!subs,neither,0.03945320844208391,0.33037608806864915,0.630170703489267
!mouse,neither,0.03945320844208391,0.33037608806864915,0.630170703489267
For,neither,0.023896577328981292,0.2538532852897668,0.7222501373812519
Ninja uses the Logitech G502 https://goo.gl/HWEAjT Settings: https://imgur.com/59iRzY9,neither,0.0388669218289932,0.31974087141206614,0.6413922067589406
ninjaCRINJA ninjaCRINJA ninjaCRINJA ninjaCRINJA ninjaCRINJA ninjaCRINJA ninjaCRINJA,neither,0.03945320844208391,0.33037608806864915,0.630170703489267
timmehWAVE timmehWAVE timmehWAVE timmehWAVE,neither,0.03945320844208391,0.33037608806864915,0.630170703489267
PowerUpL PowerUpR PowerUpL PowerUpR PowerUpL PowerUpR,neither,0.03945320844208391,0.33037608806864915,0.630170703489267
!!,neither,0.03945320844208391,0.33037608806864915,0.630170703489267
I ❤ your stream,neither,0.08128404661610562,0.31871937388791743,0.599996579495977
fire,neither,0.03945320844208391,0.33037608806864915,0.630170703489267
Sup Babyyy,neither,0.03945320844208391,0.33037608806864915,0.630170703489267
ninjaCreep ninjaCreep ninjaCreep ninjaCreep ninjaCreep ninjaCreep ninjaCreep ninjaCreep ninjaCreep ninjaCreep,neither,0.03945320844208391,0.33037608806864915,0.630170703489267
heello,neither,0.03945320844208391,0.33037608806864915,0.630170703489267
GivePLZ CurseLit TakeNRG,neither,0.03945320844208391,0.33037608806864915,0.630170703489267
ninjaGold ninjaGold ninjaGold ninjaGold ninjaGold ninjaGold ninjaGold ninjaGold ninjaGold ninjaGold ninjaGold,neither,0.03945320844208391,0.33037608806864915,0.630170703489267
Hey,neither,0.03945320844208391,0.33037608806864915,0.630170703489267
Keybinda,neither,0.03945320844208391,0.33037608806864915,0.630170703489267
YOOOO ninjaPon ninjaPon ninjaPon ninjaPon ninjaPon ninjaPon ninjaPon ninjaPon ninjaPon ninjaPon ninjaPon ninjaPon ninjaPon ninjaPon,neither,0.03945320844208391,0.33037608806864915,0.630170703489267
🍆,neither,0.03945320844208391,0.33037608806864915,0.630170703489267
More viewers in 30 seconds than back in the Halo days for a week ninjaAww ninjaIQ ninjaCreep ninjaAdore,neither,0.036489329620994396,0.3052456617407712,0.6582650086382345
lol,neither,0.020706217963973744,0.4882283491876925,0.4910654328483337
LUL LUL LUL,neither,0.03945320844208391,0.33037608806864915,0.630170703489267
bar of 2018,neither,0.03945320844208391,0.33037608806864915,0.630170703489267
HotPokket,neither,0.03945320844208391,0.33037608806864915,0.630170703489267
Yooo,neither,0.03945320844208391,0.33037608806864915,0.630170703489267
Du,neither,0.03945320844208391,0.33037608806864915,0.630170703489267
Pon pon,neither,0.03945320844208391,0.33037608806864915,0.630170703489267
SMOrc SMOrc SMOrc SMOrc SMOrc SMOrc SMOrc,neither,0.03945320844208391,0.33037608806864915,0.630170703489267
I'll put you on the label,neither,0.05053707039125264,0.36996498441461007,0.5794979451941374
ninjaTooth ninjaCreep ninjaTooth ninjaCreep ninjaClap ninjaCreep ninjaTooth ninjaCreep ninjaCreep,neither,0.03945320844208391,0.33037608806864915,0.630170703489267
ninjaSplode4 ninjaSplode4 ninjaSplode4 ninjaSplode4,neither,0.03945320844208391,0.33037608806864915,0.630170703489267
ESSSSKIIIIIIT,neither,0.03945320844208391,0.33037608806864915,0.630170703489267
lil ninja,neither,0.03945320844208391,0.33037608806864915,0.630170703489267
First,neither,0.02604892428726219,0.3349864360510187,0.6389646396617191
hi everyone,neither,0.032490659208996964,0.4485487193596734,0.5189606214313296
ninjaRekt,neither,0.03945320844208391,0.33037608806864915,0.630170703489267
ninjaPon ninjaPon ninjaPon ninjaPon ninjaPon ninjaPon ninjaPon ninjaPon ninjaPon ninjaPon ninjaPon ninjaPon ninjaPon,neither,0.03945320844208391,0.33037608806864915,0.630170703489267
ninjaPon,neither,0.03945320844208391,0.33037608806864915,0.630170703489267
!sub,neither,0.03945320844208391,0.33037608806864915,0.630170703489267
ill be playing on my ps4 tonight...fortnigh,neither,0.02754695599656967,0.3880512562103462,0.5844017877930843
"If you want to have access to all the personal Ninja Emoticons and support him, Subscribe here--> https://goo.gl/y7g2gx - As a subscriber you also get access to the Discord server! **How To sub** --> https://goo.gl/6zSzPd",neither,0.0809462978140274,0.3685303662488003,0.5505233359371723
PowerUpL PowerUpR PowerUpL PowerUpR PowerUpL PowerUpR PowerUpL PowerUpR PowerUpL PowerUpR PowerUpL PowerUpR PowerUpL PowerUpR,neither,0.03945320844208391,0.33037608806864915,0.630170703489267
CurseLit CurseLit CurseLit CurseLit CurseLit,neither,0.03945320844208391,0.33037608806864915,0.630170703489267
CRINGE-JA,neither,0.03945320844208391,0.33037608806864915,0.630170703489267
40 BOMB GAMEPLAY was AWESOME,neither,0.03934821170818115,0.33215815666261905,0.6284936316291999
We love you Ninjaaaaaaaaaa,neither,0.0667431826429772,0.4602730207261189,0.47298379663090395
XboxElite XboxBlack FBaway FBhome,neither,0.03945320844208391,0.33037608806864915,0.630170703489267
ninjaCRINJA,neither,0.03945320844208391,0.33037608806864915,0.630170703489267
do u cat?,neither,0.04157444755947677,0.3296464966654799,0.6287790557750433
how do i get the sub to show up,neither,0.05839755700826906,0.2949736634864996,0.6466287795052312
ninjaDisco ninjaDisco,neither,0.03945320844208391,0.33037608806864915,0.630170703489267
Spiti'n 🔥,neither,0.03945320844208391,0.33037608806864915,0.630170703489267
ninjaTooth ninjaCreep,neither,0.03945320844208391,0.33037608806864915,0.630170703489267
CurseLit CurseLit CurseLit,neither,0.03945320844208391,0.33037608806864915,0.630170703489267
#,neither,0.03945320844208391,0.33037608806864915,0.630170703489267
ninjaClap ninjaClap ninjaClap ninjaClap ninjaClap,neither,0.03945320844208391,0.33037608806864915,0.630170703489267
CurseLit CurseLit CurseLit,neither,0.03945320844208391,0.33037608806864915,0.630170703489267
I️ need my emotes to work :c,neither,0.031351970175016036,0.43995738181204613,0.5286906480129379
Esssskiiit,neither,0.03945320844208391,0.33037608806864915,0.630170703489267
Want to see ninja in fortnite tournament,neither,0.0448967839927789,0.3242016828763453,0.6309015331308757
ESSSSSSSSSKETIIIIIIIIIITTTTT,neither,0.03945320844208391,0.33037608806864915,0.630170703489267
Hype as fuuuuck,neither,0.03688955350118322,0.3738880030219817,0.5892224434768351
PokMaskedpika,neither,0.03945320844208391,0.33037608806864915,0.630170703489267
BCWarrior,neither,0.03945320844208391,0.33037608806864915,0.630170703489267
Here before 1k,neither,0.11760136181680221,0.36041293473466085,0.521985703448537
ninjaPon ninjaPon ninjaPon ninjaPon ninjaPon ninjaPon ninjaPon ninjaPon ninjaPon ninjaPon ninjaPon ninjaPon ninjaPon ninjaPon ninjaPon ninjaPon ninjaPon,neither,0.03945320844208391,0.33037608806864915,0.630170703489267
LEMME POP THAT ASS,offensive_language,0.10450131673747633,0.8929193907531474,0.0025792925093762894
Migga,neither,0.03945320844208391,0.33037608806864915,0.630170703489267
OhMyDog OhMyDog OhMyDog OhMyDog OhMyDog,neither,0.03945320844208391,0.33037608806864915,0.630170703489267
TakeNRG GivePLZ,neither,0.03945320844208391,0.33037608806864915,0.630170703489267
!uptime,neither,0.03945320844208391,0.33037608806864915,0.630170703489267
ninjaFail,neither,0.03945320844208391,0.33037608806864915,0.630170703489267
ninja for the win,neither,0.033039974558980986,0.28792473447485356,0.6790352909661653
dheyloPapis dheyloPapis dheyloPapis dheyloPapis dheyloPapis dheyloPapis,neither,0.03945320844208391,0.33037608806864915,0.630170703489267
seqDag seqDag seqDag,neither,0.03945320844208391,0.33037608806864915,0.630170703489267
Squid1 Squid2 Squid3 Squid4,neither,0.03945320844208391,0.33037608806864915,0.630170703489267
!settings,neither,0.03945320844208391,0.33037608806864915,0.630170703489267
We love you babyyyyyy cakes,neither,0.05383282242865496,0.4021557002133214,0.5440114773580236
ninjaGold ninjaGold ninjaGold ninjaGold ninjaGold ninjaGold ninjaGold ninjaGold ninjaGold,neither,0.03945320844208391,0.33037608806864915,0.630170703489267
Graphics [https://goo.gl/tBr6Nw] | Keybinds U & O are mapped to Mouse 4 & 5 | Sens .07 [https://goo.gl/1Zv8vA] | DPI 800,neither,0.05940825338327743,0.3001685827088225,0.6404231639079
cc,neither,0.03945320844208391,0.33037608806864915,0.630170703489267
VoteYea VoteYea VoteYea VoteYea VoteYea VoteYea VoteYea VoteYea VoteYea VoteYea,neither,0.03945320844208391,0.33037608806864915,0.630170703489267
oh it did yeeeeet subbeeeeed,neither,0.04477305719109562,0.25904098612622434,0.6961859566826801
jheez,neither,0.03945320844208391,0.33037608806864915,0.630170703489267
lil ninja throwong that fire,neither,0.0359411592330166,0.36851163170258067,0.5955472090644027
!subs,neither,0.03945320844208391,0.33037608806864915,0.630170703489267
DrinkPurple,neither,0.03945320844208391,0.33037608806864915,0.630170703489267
Esskkkkeeeeiiittt,neither,0.03945320844208391,0.33037608806864915,0.630170703489267
cringe,neither,0.03945320844208391,0.33037608806864915,0.630170703489267
ninjaPon ninjaPon ninjaPon ninjaPon ninjaPon ninjaPon,neither,0.03945320844208391,0.33037608806864915,0.630170703489267
Play darkfall new dawn,neither,0.043270115486381565,0.23494606379122646,0.7217838207223919
you da best,offensive_language,0.15445233263837851,0.5796894344903063,0.26585823287131527
,neither,0.03945320844208391,0.33037608806864915,0.630170703489267
,neither,0.03945320844208391,0.33037608806864915,0.630170703489267
!controls,neither,0.03945320844208391,0.33037608806864915,0.630170703489267
ninjaHype ninjaHype ninjaHype ninjaHype,neither,0.03945320844208391,0.33037608806864915,0.630170703489267
Kill record time?,hate_speech,0.46558176715656147,0.17690470752395762,0.35751352531948094
hi,neither,0.03945320844208391,0.33037608806864915,0.630170703489267
..,neither,0.03945320844208391,0.33037608806864915,0.630170703489267
lol,neither,0.020706217963973744,0.4882283491876925,0.4910654328483337
already 4k,neither,0.03738043260619613,0.36555650351753366,0.5970630638762703
NinjaGrumpy NinjaGrumpy NinjaGrumpy NinjaGrumpy,neither,0.03945320844208391,0.33037608806864915,0.630170703489267
show us de wae LUL,neither,0.08065792336541851,0.27284452574690077,0.6464975508876806
TakeNRG GivePLZ TakeNRG GivePLZ,neither,0.03945320844208391,0.33037608806864915,0.630170703489267
!uptime,neither,0.03945320844208391,0.33037608806864915,0.630170703489267
playing on ps4 tonight...fortnite and cod ww2,neither,0.035682777893111105,0.3007996775909098,0.6635175445159791
Ninja has been streaming for 4 minutes 11 seconds,neither,0.035893923247677505,0.31158826302741743,0.652517813724905
Wassup,neither,0.33529425248498695,0.08556156890646638,0.5791441786085466
ninjaBlood ninjaBlood ninjaBlood,neither,0.03945320844208391,0.33037608806864915,0.630170703489267
ninjaFail ninjaFail ninjaFail ninjaFail,neither,0.03945320844208391,0.33037608806864915,0.630170703489267
Yoooo,neither,0.03945320844208391,0.33037608806864915,0.630170703489267
!uptime,neither,0.03945320844208391,0.33037608806864915,0.630170703489267
SSSsss,neither,0.03945320844208391,0.33037608806864915,0.630170703489267
PokCharizard,neither,0.03945320844208391,0.33037608806864915,0.630170703489267
Are u American,neither,0.09339479573899959,0.17743592735319638,0.729169276907804
ninjaLaser ninjaLaser ninjaLaser ninjaLaser ninjaLaser,neither,0.03945320844208391,0.33037608806864915,0.630170703489267
!song,neither,0.038601720699969956,0.3448280572582511,0.616570222041779
good luck on the stgream today ninja u the best,neither,0.034438594962618564,0.29852762884513884,0.6670337761922427
What an awesome Friday,neither,0.04517099015421498,0.32126430382162346,0.6335647060241615
Ayyee,neither,0.03945320844208391,0.33037608806864915,0.630170703489267
!subscribers,neither,0.03945320844208391,0.33037608806864915,0.630170703489267
What’s the discord link ninjas?,neither,0.045012686555117164,0.3065837214856144,0.6484035919592684
migos,neither,0.03945320844208391,0.33037608806864915,0.630170703489267
TwitchUnity,neither,0.03945320844208391,0.33037608806864915,0.630170703489267
God plan,neither,0.03945320844208391,0.33037608806864915,0.630170703489267
52 MILLION VIEWS ON your STREAM WOW,neither,0.055440772015518294,0.33399471744384207,0.6105645105406398
you the best,neither,0.06920558263845202,0.3648662521279438,0.5659281652336041
Song,neither,0.038601720699969956,0.3448280572582511,0.616570222041779
CrreamAwk,neither,0.03945320844208391,0.33037608806864915,0.630170703489267
DoritosChip,neither,0.03945320844208391,0.33037608806864915,0.630170703489267
how do i get it to show up on stream that i subbed,neither,0.046726221783218905,0.35435888487692996,0.5989148933398512
ninjaShield ninjaShield ninjaShield ninjaShield ninjaShield ninjaShield,neither,0.03945320844208391,0.33037608806864915,0.630170703489267
lol lel LUL,neither,0.033173167610046836,0.3750947673813364,0.5917320650086167
DoritosChip DoritosChip DoritosChip,neither,0.03945320844208391,0.33037608806864915,0.630170703489267
!subs,neither,0.03945320844208391,0.33037608806864915,0.630170703489267
whomdesigned it,neither,0.034373745257138544,0.33212314837979673,0.6335031063630647
!subs,neither,0.03945320844208391,0.33037608806864915,0.630170703489267
ninjaWifey,neither,0.03945320844208391,0.33037608806864915,0.630170703489267
Yaas Daddy is back !!!,neither,0.04676623002337877,0.32786080460383094,0.6253729653727903
What is the song,neither,0.059311771988700454,0.3084568904393829,0.6322313375719167
ninjaHi ninja and chat,neither,0.03869535757571686,0.29220585121961967,0.6690987912046635
Lmg?,neither,0.03945320844208391,0.33037608806864915,0.630170703489267
heyyit2Hype heyyit2Hype heyyit2Hype heyyit2Hype heyyit2Hype,neither,0.03945320844208391,0.33037608806864915,0.630170703489267
eyy,neither,0.03945320844208391,0.33037608806864915,0.630170703489267
Ayyyyyyyyyyeeeeeee,neither,0.03945320844208391,0.33037608806864915,0.630170703489267
Oh god not a sub anymore,neither,0.04276991350539888,0.290980291433852,0.666249795060749
!uptime,neither,0.03945320844208391,0.33037608806864915,0.630170703489267
!sub,neither,0.03945320844208391,0.33037608806864915,0.630170703489267
ninjaGift ninjaHyper ninjaHyperr,neither,0.03945320844208391,0.33037608806864915,0.630170703489267
"If you want to have access to all the personal Ninja Emoticons and support him, Subscribe here--> https://goo.gl/y7g2gx - As a subscriber you also get access to the Discord server! **How To sub** --> https://goo.gl/6zSzPd",neither,0.0809462978140274,0.3685303662488003,0.5505233359371723
Yannou il pue de fou .....,neither,0.03945320844208391,0.33037608806864915,0.630170703489267
OPFrog,neither,0.03945320844208391,0.33037608806864915,0.630170703489267
Thats a really sweet intro screen ❤️,neither,0.03945320844208391,0.33037608806864915,0.630170703489267
FIRST,neither,0.02604892428726219,0.3349864360510187,0.6389646396617191
hi,neither,0.03945320844208391,0.33037608806864915,0.630170703489267
Ninja,neither,0.03945320844208391,0.33037608806864915,0.630170703489267
ninjaShield ninjaShield ninjaShield ninjaShield ninjaShield ninjaShield ninjaShield ninjaShield ninjaShield ninjaShield ninjaShield ninjaShield ninjaShield ninjaShield ninjaShield ninjaShield ninjaShield ninjaShield ninjaShield,neither,0.03945320844208391,0.33037608806864915,0.630170703489267
ninjaaaaa,neither,0.03945320844208391,0.33037608806864915,0.630170703489267
HeyGuys HeyGuys HeyGuys HeyGuys,neither,0.03945320844208391,0.33037608806864915,0.630170703489267
,neither,0.03945320844208391,0.33037608806864915,0.630170703489267
,neither,0.03945320844208391,0.33037608806864915,0.630170703489267
FOrtnite yes dady,neither,0.03945320844208391,0.33037608806864915,0.630170703489267
Yo,offensive_language,0.04010381111145228,0.5271105317972344,0.4327856570913131
!subcount,neither,0.03945320844208391,0.33037608806864915,0.630170703489267
PokPikachu PokPikachu PokPikachu,neither,0.03945320844208391,0.33037608806864915,0.630170703489267
StoneLightning,neither,0.03945320844208391,0.33037608806864915,0.630170703489267
Currently there are 27389 subscribed,neither,0.07087749722926778,0.23135887718097997,0.6977636255897524
!subcount,neither,0.03945320844208391,0.33037608806864915,0.630170703489267
ninjaPon ninjaPon ninjaPon ninjaPon ninjaPon ninjaPon ninjaPon ninjaPon ninjaPon ninjaPon ninjaPon ninjaPon ninjaPon ninjaPon ninjaPon,neither,0.03945320844208391,0.33037608806864915,0.630170703489267
ninjaPon,neither,0.03945320844208391,0.33037608806864915,0.630170703489267
Hi dad,neither,0.03945320844208391,0.33037608806864915,0.630170703489267
PokBlaziken PokBlaziken PokBlaziken PokBlaziken,neither,0.03945320844208391,0.33037608806864915,0.630170703489267
ninjaPon ninjaPon ninjaPon ninjaPon,neither,0.03945320844208391,0.33037608806864915,0.630170703489267
ninjaShield ninjaShield ninjaShield ninjaShield,neither,0.03945320844208391,0.33037608806864915,0.630170703489267
hey Ninja,neither,0.03945320844208391,0.33037608806864915,0.630170703489267
notif SQUAD !!!!!!!!!!!!!!!!!!!!!!!!!! LETS GO POG CHAMP,neither,0.039759184973506806,0.34476863369310234,0.6154721813333909
ninjaSplode3 ninjaSplode3 ninjaSplode3 ninjaSplode3 ninjaSplode3 ninjaSplode3 ninjaSplode3 ninjaSplode3,neither,0.03945320844208391,0.33037608806864915,0.630170703489267
Hey,neither,0.03945320844208391,0.33037608806864915,0.630170703489267
How long does it take for sub badges to come in,neither,0.028836056815380456,0.4069137907159759,0.5642501524686437
Hey ninja!!,neither,0.03945320844208391,0.33037608806864915,0.630170703489267
WHEN YOU DONT GOT SCHOOL TODAY,neither,0.040053724709471286,0.4533779438936562,0.5065683313968725
ninjaIQ ninjaIQ ninjaIQ ninjaIQ ninjaIQ ninjaIQ ninjaIQ ninjaIQ ninjaIQ,neither,0.03945320844208391,0.33037608806864915,0.630170703489267
!uptime,neither,0.03945320844208391,0.33037608806864915,0.630170703489267
ayyyy notofication squad,neither,0.03945320844208391,0.33037608806864915,0.630170703489267
!subscribers,neither,0.03945320844208391,0.33037608806864915,0.630170703489267
sup brother,neither,0.03945320844208391,0.33037608806864915,0.630170703489267
hi,neither,0.03945320844208391,0.33037608806864915,0.630170703489267
SUPER SAYIN NINJA ROSE,neither,0.03945320844208391,0.33037608806864915,0.630170703489267
DoritosChip DoritosChip DoritosChip DoritosChip DoritosChip DoritosChip,neither,0.03945320844208391,0.33037608806864915,0.630170703489267
nevm haha,neither,0.03186685585600258,0.45913629025701075,0.5089968538869867
song name?,neither,0.038830105554549986,0.3409517702390533,0.6202181242063967
ninjaClap ninjaClap ninjaClap ninjaClap,neither,0.03945320844208391,0.33037608806864915,0.630170703489267
SMOrc,neither,0.03945320844208391,0.33037608806864915,0.630170703489267
@rorothejetplane Refresh and share,neither,0.03872454489568813,0.2938218231515725,0.6674536319527393
Morning ninja ninjaThirst,neither,0.048203553387938615,0.18185989775694275,0.7699365488551186
PokShadowmew ninjaClap,neither,0.03945320844208391,0.33037608806864915,0.630170703489267
cant wait for the fortnite gameplay,neither,0.03193952031662518,0.2806545117088426,0.6874059679745324
ninjaLaser ninjaLaser ninjaLaser ninjaLaser ninjaLaser ninjaLaser ninjaLaser ninjaLaser ninjaLaser ninjaLaser ninjaLaser ninjaLaser ninjaLaser ninjaLaser ninjaLaser ninjaLaser,neither,0.03945320844208391,0.33037608806864915,0.630170703489267
hi,neither,0.03945320844208391,0.33037608806864915,0.630170703489267
ninjaSplode1 ninjaSplode2 ninjaSplode3,neither,0.03945320844208391,0.33037608806864915,0.630170703489267
ninjaPon ninjaPon ninjaPon ninjaPon ninjaPon ninjaPon ninjaPon ninjaPon ninjaPon ninjaPon,neither,0.03945320844208391,0.33037608806864915,0.630170703489267
PogChamp,neither,0.03945320844208391,0.33037608806864915,0.630170703489267
!fortnite,neither,0.03945320844208391,0.33037608806864915,0.630170703489267
Graphics [https://goo.gl/tBr6Nw] | Keybinds U & O are mapped to Mouse 4 & 5 | Sens .07 [https://goo.gl/1Zv8vA] | DPI 800,neither,0.05940825338327743,0.3001685827088225,0.6404231639079
ayeeee,neither,0.03945320844208391,0.33037608806864915,0.630170703489267
Squid3 Squid2 Squid4,neither,0.03945320844208391,0.33037608806864915,0.630170703489267
Squid1 Squid2 Squid3 Squid4,neither,0.03945320844208391,0.33037608806864915,0.630170703489267
THE FORTNITE DAD IS BACK XD,neither,0.049167744677932994,0.3061685788129959,0.6446636765090712
ninjaPon ninjaPon,neither,0.03945320844208391,0.33037608806864915,0.630170703489267
Who sings this cover?,neither,0.039935253068369835,0.3919630446875884,0.5681017022440418
"@Ninja sent you a whisper regarding ""ninjacon"", lemme know homie",neither,0.04848358001119985,0.35649055556448833,0.5950258644243119
@ninja any chance you know how to fix emotes on app? Not coming up,neither,0.04818042812587471,0.3971605485623877,0.5546590233117377
Hey ninj,neither,0.03945320844208391,0.33037608806864915,0.630170703489267
ninjaCreep,neither,0.03945320844208391,0.33037608806864915,0.630170703489267
Hi Dad!,neither,0.03945320844208391,0.33037608806864915,0.630170703489267
BrainSlug YouDontSay YouDontSay Ninja,neither,0.03945320844208391,0.33037608806864915,0.630170703489267
did you dye your hair yet???/,neither,0.086387187235577,0.3613462145359575,0.5522665982284656
Hope you dont suck as much as you did last night,neither,0.10430399257535185,0.36845990889694097,0.5272360985277071
PON PON,neither,0.03945320844208391,0.33037608806864915,0.630170703489267
españoles también vemos ninja!,neither,0.03945320844208391,0.33037608806864915,0.630170703489267
Hello,neither,0.03945320844208391,0.33037608806864915,0.630170703489267
Ninja 10000,neither,0.03945320844208391,0.33037608806864915,0.630170703489267
ninjaCreep,neither,0.03945320844208391,0.33037608806864915,0.630170703489267
ninjaLaser ninjaLaser ninjaLaser ninjaLaser,neither,0.03945320844208391,0.33037608806864915,0.630170703489267
good morning @ninja,neither,0.0468013847741319,0.19273113716557552,0.7604674780602926
HAHAHAHAHHA,neither,0.03945320844208391,0.33037608806864915,0.630170703489267
AHAH,neither,0.03945320844208391,0.33037608806864915,0.630170703489267
ninjaWifey ninjaWifey ninjaWifey ninjaWifey,neither,0.03945320844208391,0.33037608806864915,0.630170703489267
Squid1 Squid2 Squid3 Squid2 Squid4,neither,0.03945320844208391,0.33037608806864915,0.630170703489267
nice,neither,0.03945320844208391,0.33037608806864915,0.630170703489267
Squid1 Squid2 Squid3 Squid4,neither,0.03945320844208391,0.33037608806864915,0.630170703489267
EXPOSED,neither,0.03945320844208391,0.33037608806864915,0.630170703489267
fake af,neither,0.03945320844208391,0.33037608806864915,0.630170703489267
Fornight,neither,0.03945320844208391,0.33037608806864915,0.630170703489267
joputa dale ya,offensive_language,0.017331157930923866,0.7872544665869478,0.19541437548212848
PGGERS,neither,0.03945320844208391,0.33037608806864915,0.630170703489267
Whoooooo,neither,0.03945320844208391,0.33037608806864915,0.630170703489267
Id rly appreciate if someone gifts me one. I miss my emotes,neither,0.017256694969081915,0.45821236399507315,0.524530941035845
lol,neither,0.020706217963973744,0.4882283491876925,0.4910654328483337
hiiii,neither,0.03945320844208391,0.33037608806864915,0.630170703489267
MOWIE DA FLOWIE,offensive_language,0.15114814935983525,0.6045263659867909,0.24432548465337384
SQUAAAAAA,neither,0.03945320844208391,0.33037608806864915,0.630170703489267
hahahahahahahahahahaha,neither,0.03945320844208391,0.33037608806864915,0.630170703489267
PowerUpL DarkMode PowerUpR,neither,0.03945320844208391,0.33037608806864915,0.630170703489267
!uptime,neither,0.03945320844208391,0.33037608806864915,0.630170703489267
DansGame,neither,0.03945320844208391,0.33037608806864915,0.630170703489267
exposed,neither,0.03945320844208391,0.33037608806864915,0.630170703489267
Ninja has been streaming for 5 minutes 2 seconds,neither,0.035678679601720456,0.31045049647393935,0.6538708239243401
!subcount,neither,0.03945320844208391,0.33037608806864915,0.630170703489267
Yo yooo,neither,0.03962709703626502,0.41355379323212454,0.5468191097316105
ninjaCreep ninjaCreep ninjaCreep ninjaCreep ninjaCreep,neither,0.03945320844208391,0.33037608806864915,0.630170703489267
You’re the SHEET BRO BROOO,neither,0.06857507611939737,0.3272621431472466,0.604162780733356
Lol fart,neither,0.030180287398268595,0.39893956378812934,0.570880148813602
hi,neither,0.03945320844208391,0.33037608806864915,0.630170703489267
tight fart bro,neither,0.03945320844208391,0.33037608806864915,0.630170703489267
Squid1 Squid2 Squid3 Squid2 Squid2 Squid4,neither,0.03945320844208391,0.33037608806864915,0.630170703489267
ninjaPopcorn ninjaPopcorn ninjaPopcorn,neither,0.03945320844208391,0.33037608806864915,0.630170703489267
ypoooooooooo,neither,0.03945320844208391,0.33037608806864915,0.630170703489267
Squid1 Squid2 Squid3 Squid4,neither,0.03945320844208391,0.33037608806864915,0.630170703489267
boatyVV boatyVV boatyVV,neither,0.03945320844208391,0.33037608806864915,0.630170703489267
HAHA,neither,0.03186685585600258,0.45913629025701075,0.5089968538869867
@Ninja ROSE GOKU ninjaHype ninjaHype ninjaHype ninjaHype ninjaHype ninjaHype ninjaHype ninjaHype ninjaHype ninjaHype,neither,0.03945320844208391,0.33037608806864915,0.630170703489267
just here for the ponponpon,neither,0.09243420690313843,0.24719541218227956,0.660370380914582
plebs freedom,neither,0.03945320844208391,0.33037608806864915,0.630170703489267
LUL LUL LUL LUL,neither,0.03945320844208391,0.33037608806864915,0.630170703489267
Hi,neither,0.03945320844208391,0.33037608806864915,0.630170703489267
yeah another day with another streaming with the god of fortnite,neither,0.0581269701880164,0.3403933042124609,0.6014797255995228
sniff sniff mhm delish,neither,0.03945320844208391,0.33037608806864915,0.630170703489267
!uptime,neither,0.03945320844208391,0.33037608806864915,0.630170703489267
i shall wait till pon pon ScaredyCat,neither,0.03945320844208391,0.33037608806864915,0.630170703489267
ninjaAdore,neither,0.03945320844208391,0.33037608806864915,0.630170703489267
lovely,neither,0.03945320844208391,0.33037608806864915,0.630170703489267
DISCO TIME ninjaDisco ninjaDisco ninjaDisco ninjaDisco ninjaDisco ninjaDisco ninjaDisco ninjaDisco ninjaDisco,neither,0.03821333703971211,0.3514199415734102,0.6103667213868778
LUL,neither,0.03945320844208391,0.33037608806864915,0.630170703489267
ninjaCreep ninjaCreep ninjaCreep ninjaCreep ninjaCreep,neither,0.03945320844208391,0.33037608806864915,0.630170703489267
haha,neither,0.03186685585600258,0.45913629025701075,0.5089968538869867
Ayyyyyy new badge,neither,0.043491983419288865,0.22912321039323882,0.7273848061874723
Aye yo,neither,0.039694641652287484,0.43373284738086715,0.5265725109668454
Squid1 Squid2 Squid3 Squid2 Squid4,neither,0.03945320844208391,0.33037608806864915,0.630170703489267
Kappa Kappa Kappa Kappa Kappa Kappa Kappa Kappa Kappa Kappa Kappa Kappa,neither,0.03945320844208391,0.33037608806864915,0.630170703489267
XD,neither,0.03945320844208391,0.33037608806864915,0.630170703489267
Squid1 Squid2 Squid2 Squid2 Squid2 Squid3 Squid2 Squid2 Squid2 Squid2 Squid2 Squid4,neither,0.03945320844208391,0.33037608806864915,0.630170703489267
Ew hehe,neither,0.03945320844208391,0.33037608806864915,0.630170703489267
ninjaCreep ayyyyy,neither,0.03945320844208391,0.33037608806864915,0.630170703489267
can someone send me 3 thousand dollars,neither,0.03395829679228658,0.3571725369865586,0.6088691662211548
LUL,neither,0.03945320844208391,0.33037608806864915,0.630170703489267
Woow,neither,0.03945320844208391,0.33037608806864915,0.630170703489267
DISCO DISCO,neither,0.03945320844208391,0.33037608806864915,0.630170703489267
a tope con fortnite chavales,neither,0.03945320844208391,0.33037608806864915,0.630170703489267
ax,neither,0.03945320844208391,0.33037608806864915,0.630170703489267
Squid1 Squid4,neither,0.03945320844208391,0.33037608806864915,0.630170703489267
Squid1 Squid2 Squid3 Squid2 Squid4,neither,0.03945320844208391,0.33037608806864915,0.630170703489267
Kappa,neither,0.03945320844208391,0.33037608806864915,0.630170703489267
monkaS,neither,0.03945320844208391,0.33037608806864915,0.630170703489267
PONPON,neither,0.03945320844208391,0.33037608806864915,0.630170703489267
Squid1 Squid2 Squid2 Squid2 Squid3 Squid2 Squid2 Squid2 Squid4,neither,0.03945320844208391,0.33037608806864915,0.630170703489267
chillSIP chillSIP chillSIP chillSIP chillSIP chillSIP chillSIP chillSIP chillSIP chillSIP,neither,0.03945320844208391,0.33037608806864915,0.630170703489267
GIVE ME SUB FOR MY NAME PLEASE BibleThump,neither,0.021864022325208215,0.40320755814945347,0.5749284195253384
sit down ba y LUL,neither,0.03945320844208391,0.33037608806864915,0.630170703489267
RitzMitz,neither,0.03945320844208391,0.33037608806864915,0.630170703489267
TwitchRPG,neither,0.03945320844208391,0.33037608806864915,0.630170703489267
EXPOSE HIM,neither,0.03929168870332908,0.33311749956824643,0.6275908117284246
Sniff,neither,0.03945320844208391,0.33037608806864915,0.630170703489267
You,offensive_language,0.21217306638279385,0.6099082758190073,0.17791865779819876
Please start,neither,0.03945320844208391,0.33037608806864915,0.630170703489267
Squid1 Squid3 Squid4,neither,0.03945320844208391,0.33037608806864915,0.630170703489267
Yooooooooo ninja,neither,0.03945320844208391,0.33037608806864915,0.630170703489267
GivePLZ GivePLZ CurseLit TakeNRG TakeNRG,neither,0.03945320844208391,0.33037608806864915,0.630170703489267
BatChest BatChest BatChest,neither,0.03945320844208391,0.33037608806864915,0.630170703489267
!uptime,neither,0.03945320844208391,0.33037608806864915,0.630170703489267
Little known fact: Ninja is an excellent trumpet player.,neither,0.040469765092169825,0.3870173490193161,0.5725128858885141
BloodTrail BloodTrail BloodTrail BloodTrail BloodTrail BloodTrail BloodTrail BloodTrail BloodTrail BloodTrail BloodTrail BloodTrail BloodTrail,neither,0.03945320844208391,0.33037608806864915,0.630170703489267
jinxTATO jinxTATO jinxTATO,neither,0.03945320844208391,0.33037608806864915,0.630170703489267
waddup,neither,0.03945320844208391,0.33037608806864915,0.630170703489267
ninjaS ninjaS ninjaS ninjaS ninjaS ninjaS ninjaS ninjaS,neither,0.03945320844208391,0.33037608806864915,0.630170703489267
asking for subs be like ヽ(´ー｀)ノ,neither,0.04299920609488232,0.3183594397191671,0.6386413541859506
Squid1 Squid2 Squid2 Squid2 Squid3 Squid2 Squid2 Squid2 Squid4,neither,0.03945320844208391,0.33037608806864915,0.630170703489267
Squid1 Squid2 Squid3 Squid2,neither,0.03945320844208391,0.33037608806864915,0.630170703489267
Squid1 Squid2 Squid2 Squid2 Squid3 Squid2 Squid2 Squid4,neither,0.03945320844208391,0.33037608806864915,0.630170703489267
supp Ninja how ya doin bro,offensive_language,0.029422147027609563,0.5020696668841143,0.4685081860882763
fortnite,neither,0.03945320844208391,0.33037608806864915,0.630170703489267
ninjaHi ninjaHi ninjaHi @ninja and chat,neither,0.03869535757571686,0.29220585121961967,0.6690987912046635
Weird ass fart Tyler,offensive_language,0.10874477843735143,0.876790548253626,0.014464673309022718
iamaioLOVE iamaioLOVE iamaioLOVE iamaioLOVE iamaioLOVE iamaioLOVE iamaioLOVE iamaioLOVE,neither,0.03945320844208391,0.33037608806864915,0.630170703489267
SONG: God's Plan - Drake Cover,neither,0.039117415988814075,0.3360753623491085,0.6248072216620775
!mouse,neither,0.03945320844208391,0.33037608806864915,0.630170703489267
GOOD GOOD,neither,0.037820165765928906,0.33093776632913474,0.6312420679049364
Ninja uses the Logitech G502 https://goo.gl/HWEAjT Settings: https://imgur.com/59iRzY9,neither,0.0388669218289932,0.31974087141206614,0.6413922067589406
Rosé goku tu parle fracais,neither,0.03945320844208391,0.33037608806864915,0.630170703489267
!song,neither,0.038601720699969956,0.3448280572582511,0.616570222041779
Oh yeah daddy,neither,0.026045427853881673,0.4029986118143646,0.5709559603317537
@ninja my interview today went ass and got turned away straight away so I’ve come here to chill and take my mind of things,offensive_language,0.06857380248515728,0.7287633410606007,0.20266285645424195
ninjaGold ninjaGold ninjaGold,neither,0.03945320844208391,0.33037608806864915,0.630170703489267
this dude just tooted,neither,0.03265712299044076,0.36491552034215174,0.6024273566674075
RAP CONTENDERS DAMNNNN,neither,0.03945320844208391,0.33037608806864915,0.630170703489267
FrankerZ,neither,0.03945320844208391,0.33037608806864915,0.630170703489267
i here fortnite sounds,neither,0.11675348200544095,0.27420101544752795,0.609045502547031
BlessRNG,neither,0.03945320844208391,0.33037608806864915,0.630170703489267
Squid,neither,0.03945320844208391,0.33037608806864915,0.630170703489267
Do I smell onions and ketchup?,neither,0.03990619063219804,0.29943376077534184,0.66066004859246
ninjaAww ninjaAww ninjaAww ninjaAww ninjaAww ninjaAww ninjaAww ninjaAww ninjaAww ninjaAww ninjaAww ninjaAww ninjaAww ninjaAww ninjaAww ninjaAww ninjaAww ninjaAww ninjaAww ninjaAww ninjaAww ninjaAww ninjaAww,neither,0.03945320844208391,0.33037608806864915,0.630170703489267
ninjaPon,neither,0.03945320844208391,0.33037608806864915,0.630170703489267
ninjaSplode1 ninjaSplode2 ninjaSplode3,neither,0.03945320844208391,0.33037608806864915,0.630170703489267
ninjaPon,neither,0.03945320844208391,0.33037608806864915,0.630170703489267
@ninja can you play sick boy,neither,0.05388409111792932,0.3663691730630013,0.5797467358190693
Squid1 Squid2 Squid2 Squid3 Squid2 Squid2 Squid4,neither,0.03945320844208391,0.33037608806864915,0.630170703489267
Sootie,neither,0.03945320844208391,0.33037608806864915,0.630170703489267
TheIlluminati,neither,0.03945320844208391,0.33037608806864915,0.630170703489267
ninjaPon ninjaPon ninjaPon ninjaPon ninjaPon ninjaPon ninjaPon ninjaPon,neither,0.03945320844208391,0.33037608806864915,0.630170703489267
BloodTrail BloodTrail BloodTrail BloodTrail BloodTrail BloodTrail BloodTrail BloodTrail BloodTrail BloodTrail BloodTrail BloodTrail BloodTrail BloodTrail,neither,0.03945320844208391,0.33037608806864915,0.630170703489267
HeyGuys,neither,0.03945320844208391,0.33037608806864915,0.630170703489267
imfraqPEW,neither,0.03945320844208391,0.33037608806864915,0.630170703489267
Squid3 Squid3 Squid3 Squid3 Squid3,neither,0.03945320844208391,0.33037608806864915,0.630170703489267
FBtouchdown,neither,0.03945320844208391,0.33037608806864915,0.630170703489267
Squid2 Squid3 Squid4,neither,0.03945320844208391,0.33037608806864915,0.630170703489267
jinxCHEERS jinxCHEERS,neither,0.03945320844208391,0.33037608806864915,0.630170703489267
Squid1 Squid2 SSSsss Squid2 Squid4,neither,0.03945320844208391,0.33037608806864915,0.630170703489267
ninjaFan ninjaFan ninjaFan ninjaFan ninjaFan,neither,0.03945320844208391,0.33037608806864915,0.630170703489267
ARIS RE FLWROI,neither,0.10802165902134243,0.2484119200751343,0.6435664209035233
Sup Ninja!,neither,0.03945320844208391,0.33037608806864915,0.630170703489267
ninjaSplode3 ninjaSplode3 ninjaSplode3,neither,0.03945320844208391,0.33037608806864915,0.630170703489267
Squid1 Squid2 Squid2 Squid2 Squid3 Squid2 Squid3 Squid2 Squid2 Squid4 Squid2 Squid3 Squid4 Squid1 Squid2 Squid3 Squid4 Squid4 Squid2 BloodTrail Squid4 Squid2 Squid3 Squid4 Squid4,neither,0.03945320844208391,0.33037608806864915,0.630170703489267
pastaThat pastaThat pastaThat,neither,0.03945320844208391,0.33037608806864915,0.630170703489267
ninjaHi ninjaHi ninjaHi ninjaHi ninjaHi ninjaHi ninjaHi ninjaHi ninjaHi ninjaHi ninjaHi ninjaHi ninjaHi ninjaHi ninjaHi ninjaHi ninjaHi ninjaHi ninjaHi,neither,0.03945320844208391,0.33037608806864915,0.630170703489267
ninja is da real homie,offensive_language,0.06789841272675086,0.5376757558197013,0.39442583145354787
!subcount,neither,0.03945320844208391,0.33037608806864915,0.630170703489267
i hear u0,neither,0.03945320844208391,0.33037608806864915,0.630170703489267
ninjaSplode2 ninjaSplode2 ninjaSplode2 ninjaSplode2 ninjaSplode2 ninjaSplode2 ninjaSplode3 ninjaSplode4,neither,0.03945320844208391,0.33037608806864915,0.630170703489267
Currently there are 27389 subscribed,neither,0.07087749722926778,0.23135887718097997,0.6977636255897524
dfaceKappa dfaceKappa dfaceKappa dfaceKappa dfaceKappa WutFace WutFace,neither,0.03945320844208391,0.33037608806864915,0.630170703489267
Squid1 Squid2 Squid2 Squid2 Squid2 Squid2 Squid2 Squid3 Squid2 Squid2 Squid2 Squid2 Squid2 Squid4,neither,0.03945320844208391,0.33037608806864915,0.630170703489267
yuh,neither,0.03945320844208391,0.33037608806864915,0.630170703489267
xqcSad xqcFace xqcSad xqcS,neither,0.03945320844208391,0.33037608806864915,0.630170703489267
Squid1 Squid2 Squid2 Squid2 Squid2 Squid2 Squid2 Squid2 Squid2 Squid3 Squid4,neither,0.03945320844208391,0.33037608806864915,0.630170703489267
Can someone gift me a sub i wanna pon pon with the subs <3 BloodTrail,neither,0.027676139854258208,0.36636706576057226,0.6059567943851695
ceezRage ceezRage ceezRage ceezRage,neither,0.03945320844208391,0.33037608806864915,0.630170703489267
@AC_Royale,neither,0.03945320844208391,0.33037608806864915,0.630170703489267
What up ninja!!!,neither,0.0424860282095962,0.3861250105635327,0.5713889612268711
I love you ninja,neither,0.055614303534325615,0.40605032358192344,0.538335372883751
are u planning on realesing some new merch soon or this is it for a while=,neither,0.04756474644672395,0.24997632519178206,0.702458928361494
that is the best stream starting screen i ever saw,neither,0.04076747937104682,0.340244401001928,0.6189881196270253
i got yall into that remix,neither,0.03351871291157549,0.4315840247661336,0.534897262322291
REAL NINJA,neither,0.03158668182198637,0.4706441866437403,0.49776913153427327
this music is live,neither,0.05634651804513953,0.3264209526804139,0.6172325292744466
Yo,offensive_language,0.04010381111145228,0.5271105317972344,0.4327856570913131
uhh,neither,0.03945320844208391,0.33037608806864915,0.630170703489267
ninjaFan ninjaFan ninjaFan ninjaFan,neither,0.03945320844208391,0.33037608806864915,0.630170703489267
I am way better than ninja,neither,0.03897800521168854,0.33785585038625204,0.6231661444020594
eeway,neither,0.03945320844208391,0.33037608806864915,0.630170703489267
Ponpon,neither,0.03945320844208391,0.33037608806864915,0.630170703489267
Squid1 TriHard Squid4,neither,0.03945320844208391,0.33037608806864915,0.630170703489267
ninjaFail,neither,0.03945320844208391,0.33037608806864915,0.630170703489267
MorphinTime MorphinTime MorphinTime MorphinTime MorphinTime MorphinTime MorphinTime MorphinTime MorphinTime MorphinTime MorphinTime MorphinTime MorphinTime MorphinTime MorphinTime,neither,0.03945320844208391,0.33037608806864915,0.630170703489267
CoolStoryBob CoolStoryBob CoolStoryBob CoolStoryBob CoolStoryBob CoolStoryBob CoolStoryBob,neither,0.03945320844208391,0.33037608806864915,0.630170703489267
@@@@@@@,neither,0.03945320844208391,0.33037608806864915,0.630170703489267
jinxHEY jinxHEY,neither,0.03945320844208391,0.33037608806864915,0.630170703489267
Hype,neither,0.03945320844208391,0.33037608806864915,0.630170703489267
do not gift me a sub. i am serious.,neither,0.03384574447991288,0.36312611733916195,0.6030281381809253
whos that,neither,0.03469116754114899,0.3823720002990532,0.5829368321597979
Every body write in the chat # fuck this shit l’m out,offensive_language,0.07553398343116527,0.924421760290655,4.425627817968599e-05
ninjaCRINJA ninjaCRINJA ninjaCRINJA ninjaCRINJA ninjaCRINJA,neither,0.03945320844208391,0.33037608806864915,0.630170703489267
Squid1 Squid2 Squid2 Squid2 Squid2 Squid2 Squid2 Squid2 Squid2 Squid2 Squid2 Squid2 Squid3,neither,0.03945320844208391,0.33037608806864915,0.630170703489267
fapp contest the dastest cumming wins xd,neither,0.038767451134822495,0.3179043115675654,0.6433282372976121
ninjaFan ninjaFan ninjaFan,neither,0.03945320844208391,0.33037608806864915,0.630170703489267
hey ninja!,neither,0.03945320844208391,0.33037608806864915,0.630170703489267
,neither,0.03945320844208391,0.33037608806864915,0.630170703489267
,neither,0.03945320844208391,0.33037608806864915,0.630170703489267
HEEEEY NINJA,neither,0.03945320844208391,0.33037608806864915,0.630170703489267
lel,neither,0.03945320844208391,0.33037608806864915,0.630170703489267
Ninja for xfactor PogChamp,neither,0.03433690058107791,0.3048165238243991,0.660846575594523
Squid1 Squid2 Squid3 Squid3,neither,0.03945320844208391,0.33037608806864915,0.630170703489267
ninjaFan ninjaFan ninjaFan ninjaFan,neither,0.03945320844208391,0.33037608806864915,0.630170703489267
wooh,neither,0.03945320844208391,0.33037608806864915,0.630170703489267
Squid1 Squid2 Squid3 Squid,neither,0.03945320844208391,0.33037608806864915,0.630170703489267
Polly wants a cracker,neither,0.20277127931934724,0.23112789578079115,0.5661008248998616
wolfFail wolfFail wolfFail,neither,0.03945320844208391,0.33037608806864915,0.630170703489267
ninjaPon ninjaPon ninjaPon ninjaPon ninjaPon,neither,0.03945320844208391,0.33037608806864915,0.630170703489267
hi,neither,0.03945320844208391,0.33037608806864915,0.630170703489267
ninjaGold ninjaGold ninjaGold ninjaGold ninjaGold,neither,0.03945320844208391,0.33037608806864915,0.630170703489267
PanicVis PanicVis PanicVis,neither,0.03945320844208391,0.33037608806864915,0.630170703489267
ninjaAdore ninjaAdore ninjaAdore ninjaAdore,neither,0.03945320844208391,0.33037608806864915,0.630170703489267
,neither,0.03945320844208391,0.33037608806864915,0.630170703489267
,neither,0.03945320844208391,0.33037608806864915,0.630170703489267
ninjaPon ninjaPon ninjaPon ninjaPon ninjaPon ninjaPon ninjaPon,neither,0.03945320844208391,0.33037608806864915,0.630170703489267
Ayyy my dood,neither,0.026571165436659324,0.4326150973263976,0.5408137372369431
ninjaHi ninjaHi ninjaHi ninjaHi ninjaHi ninjaHi ninjaHi ninjaHi ninjaHi ninjaHi ninjaHi ninjaHi ninjaHi ninjaHi ninjaHi ninjaHi ninjaHi ninjaHi ninjaHi ninjaHi ninjaHi ninjaHi ninjaHi ninjaHi ninjaHi ninjaHi,neither,0.03945320844208391,0.33037608806864915,0.630170703489267
NinjaPoop emote <3,neither,0.03945320844208391,0.33037608806864915,0.630170703489267
Yo Ninja,neither,0.03963661905393089,0.4165653046673816,0.5437980762786875
gu,neither,0.03945320844208391,0.33037608806864915,0.630170703489267
ninjaCreep ninjaCreep ninjaCreep ninjaCreep ninjaCreep ninjaCreep ninjaCreep ninjaCreep ninjaCreep ninjaCreep ninjaCreep ninjaCreep ninjaCreep ninjaCreep ninjaCreep ninjaCreep,neither,0.03945320844208391,0.33037608806864915,0.630170703489267
kappa,neither,0.03945320844208391,0.33037608806864915,0.630170703489267
!subcount,neither,0.03945320844208391,0.33037608806864915,0.630170703489267
first game?,neither,0.028641704259451943,0.2724245288609896,0.6989337668795583
dat hair NinjaCreep,neither,0.03945320844208391,0.33037608806864915,0.630170703489267
Hi,neither,0.03945320844208391,0.33037608806864915,0.630170703489267
Yo yo whats up!!,offensive_language,0.03748827072205448,0.5232687509041094,0.43924297837383613
Yooo @ninja,neither,0.03945320844208391,0.33037608806864915,0.630170703489267
Squid1 Squid2 Squid2 Squid2 Squid3 Squid2 Squid2 Squid2 Squid4,neither,0.03945320844208391,0.33037608806864915,0.630170703489267
Ninja,neither,0.03945320844208391,0.33037608806864915,0.630170703489267
jgoH jgoH jgoH jgoH jgoH jgoH jgoH jgoH jgoH jgoH jgoH jgoH jgoH jgoH jgoH jgoH jgoH jgoH jgoH jgoH,neither,0.03945320844208391,0.33037608806864915,0.630170703489267
!subcount,neither,0.03945320844208391,0.33037608806864915,0.630170703489267
Squid1 Squid2 Squid3 Squid4,neither,0.03945320844208391,0.33037608806864915,0.630170703489267
Kappa yo yo yo,offensive_language,0.03991473675011491,0.4878349453521488,0.4722503178977363
PunchTrees,neither,0.03945320844208391,0.33037608806864915,0.630170703489267
There he is❤️❤️❤️,neither,0.06696178465494368,0.25359748659330317,0.6794407287517531
@Ninja HeyGuys,neither,0.03945320844208391,0.33037608806864915,0.630170703489267
iif you call mea pleb your on your moms credit card. like get gud like come on,neither,0.1062070678447637,0.3976316451479456,0.4961612870072906
ninjaPon ninjaPon ninjaPon ninjaPon ninjaPon ninjaPon ninjaPon ninjaPon,neither,0.03945320844208391,0.33037608806864915,0.630170703489267
ninjaPon,neither,0.03945320844208391,0.33037608806864915,0.630170703489267
Squid1 Squid2 TriHard Squid4,neither,0.03945320844208391,0.33037608806864915,0.630170703489267
Squid1 Squid2 Squid3 Squid2 Squid4,neither,0.03945320844208391,0.33037608806864915,0.630170703489267
🇦🇺🇦🇺🇦🇺,neither,0.03945320844208391,0.33037608806864915,0.630170703489267
sypherREKT sypherREKT sypherREKT,neither,0.03945320844208391,0.33037608806864915,0.630170703489267
Squid1 Squid2 Squid4 Squid3 Squid4,neither,0.03945320844208391,0.33037608806864915,0.630170703489267
ninjaThirst ninjaThirst ninjaThirst ninjaAmazing ninjaAmazing ninjaAmazing ninjaBlind ninjaBlind,neither,0.03945320844208391,0.33037608806864915,0.630170703489267
TheRinger TheRinger TheRinger TheRinger TheRinger TheRinger TheRinger TheRinger TheRinger,neither,0.03945320844208391,0.33037608806864915,0.630170703489267
ninjaPon ninjaPon ninjaPon ninjaPon ninjaPon ninjaPon ninjaPon ninjaPon ninjaPon ninjaPon,neither,0.03945320844208391,0.33037608806864915,0.630170703489267
OptimizePrime OptimizePrime OptimizePrime,neither,0.03945320844208391,0.33037608806864915,0.630170703489267
LOOKKKIN GOODDD DADDY,neither,0.03945320844208391,0.33037608806864915,0.630170703489267
@ninja gotta open the stream with the super saiyan 3 yell,neither,0.0317808287698826,0.34842855909724463,0.6197906121328727
What is the artist of this song?,neither,0.05141885325301699,0.3174517437016218,0.6311294030453611
Ninja what up!!,neither,0.0424860282095962,0.3861250105635327,0.5713889612268711
Beast,neither,0.03945320844208391,0.33037608806864915,0.630170703489267
@Ninja I bought a phone case the other day! Its so cool! ninjaH,neither,0.03533621228793584,0.3395583522885378,0.6251054354235263
ninjaPon ninjaPon ninjaPon ninjaPon ninjaPon ninjaPon ninjaPon ninjaPon ninjaPon ninjaPon ninjaPon ninjaPon ninjaPon ninjaPon ninjaPon ninjaPon ninjaPon ninjaPon ninjaPon,neither,0.03945320844208391,0.33037608806864915,0.630170703489267
Gimme sub BibleThump,neither,0.03945320844208391,0.33037608806864915,0.630170703489267
ah suhh dood,neither,0.03945320844208391,0.33037608806864915,0.630170703489267
Mom get the camera,neither,0.03796829914803849,0.3224726648757851,0.6395590359761765
Bleh,neither,0.03945320844208391,0.33037608806864915,0.630170703489267
MY BOYYYY,offensive_language,0.011017215557639733,0.6062201221254095,0.3827626623169507
!uptime,neither,0.03945320844208391,0.33037608806864915,0.630170703489267
HI DAD ninjaH ninjaH ninjaH ninjaH ninjaH,neither,0.03945320844208391,0.33037608806864915,0.630170703489267
Ninja has been streaming for 6 minutes 14 seconds,neither,0.035950526303333695,0.311887451832875,0.6521620218637912
ninjaM ninjaStars ninjaStars ninjaHype ninjaHype ninjaS ninjaS,neither,0.03945320844208391,0.33037608806864915,0.630170703489267
hi,neither,0.03945320844208391,0.33037608806864915,0.630170703489267
Squid1 Squid2 Squid2 Squid3 Squid2 Squid4,neither,0.03945320844208391,0.33037608806864915,0.630170703489267
!donate,neither,0.03945320844208391,0.33037608806864915,0.630170703489267
If you love Ninja and support what he does AND his stream you can show your support and donate here https://streamtip.com/t/ninja,neither,0.12781649414435794,0.3262997272855622,0.54588377857008
ninjaHi ninjaHi ninjaHi ninjaHi ninjaHi ninjaHi ninjaHi ninjaHi ninjaHi ninjaHi ninjaHi ninjaHi ninjaHi ninjaHi ninjaHi ninjaHi ninjaHi ninjaHi ninjaHi ninjaHi ninjaHi ninjaHi ninjaHi ninjaHi,neither,0.03945320844208391,0.33037608806864915,0.630170703489267
Hey,neither,0.03945320844208391,0.33037608806864915,0.630170703489267
BOYSSS,neither,0.03945320844208391,0.33037608806864915,0.630170703489267
daddddd,neither,0.03945320844208391,0.33037608806864915,0.630170703489267
NinjaFood,neither,0.03945320844208391,0.33037608806864915,0.630170703489267
@Ninja update out yet?,neither,0.035803223833240395,0.3442925482515634,0.6199042279151962
KEEP YOUR DRINKS OFF YOUR DESK TODAY @NINJA!!!!,neither,0.08171519340293043,0.3031210239659479,0.6151637826311216
jjjjjjjjjj,neither,0.03945320844208391,0.33037608806864915,0.630170703489267
yooo whats up,neither,0.03701468226381125,0.37946051108759643,0.5835248066485923
Wish I had the cash to sub to ya Tyler nainuGG nainuGG,neither,0.036116228832383586,0.4818034802825679,0.48208029088504856
wasssssss up!,offensive_language,0.031680140546704795,0.5091262166492487,0.45919364280404645
When is new gun coming?,neither,0.0400891074327986,0.28715184000981653,0.6727590525573848
@Ninja do you still compete for LG PUBG,neither,0.04663672439281813,0.3500303767330991,0.6033328988740827
KappaHD,neither,0.03945320844208391,0.33037608806864915,0.630170703489267
AAAAAAAAAAAAAAAAAAAAAAEEEEEEEEEEYYYYYYYYYY,neither,0.03945320844208391,0.33037608806864915,0.630170703489267
Squid1 Squid2 Squid2 Squid2 Squid3 Squid4 Squid2,neither,0.03945320844208391,0.33037608806864915,0.630170703489267
ninjaPonW ninjaPonPon,neither,0.03945320844208391,0.33037608806864915,0.630170703489267
heyy,neither,0.03945320844208391,0.33037608806864915,0.630170703489267
yayayayayayyayayayayaya,neither,0.03945320844208391,0.33037608806864915,0.630170703489267
fuck ypu,offensive_language,0.34803241646388117,0.6519675835059184,3.0200377847433446e-11
SabaPing SabaPing SabaPing SabaPing SabaPing SabaPing,neither,0.03945320844208391,0.33037608806864915,0.630170703489267
HSWP,neither,0.03945320844208391,0.33037608806864915,0.630170703489267
ninjaCRINJA,neither,0.03945320844208391,0.33037608806864915,0.630170703489267
!subcount,neither,0.03945320844208391,0.33037608806864915,0.630170703489267
SIT DOW BABY LUL,neither,0.03945320844208391,0.33037608806864915,0.630170703489267
are u planning releasing some new ninja merch soon or this it for a while=,neither,0.04354595010623412,0.2560761594406404,0.7003778904531255
!subcount,neither,0.03945320844208391,0.33037608806864915,0.630170703489267
how are u sp good,neither,0.08687526017250244,0.25582446228512973,0.6573002775423679
Currently there are 27391 subscribed,neither,0.07087749722926778,0.23135887718097997,0.6977636255897524
ninjaPon ninjaPon ninjaPon ninjaPon ninjaPon ninjaPon ninjaPon ninjaPon ninjaPon ninjaPon ninjaPon ninjaPon ninjaPon,neither,0.03945320844208391,0.33037608806864915,0.630170703489267
"my emotes havent worked for 2 days, not just ninja's, all of them",neither,0.03293258408489662,0.4167330837620105,0.5503343321530929
ninjaHi ninjaHi ninjaHi,neither,0.03945320844208391,0.33037608806864915,0.630170703489267
,neither,0.03945320844208391,0.33037608806864915,0.630170703489267
,neither,0.03945320844208391,0.33037608806864915,0.630170703489267
RalpherZ RalpherZ RalpherZ RalpherZ,neither,0.03945320844208391,0.33037608806864915,0.630170703489267
,neither,0.03945320844208391,0.33037608806864915,0.630170703489267
,neither,0.03945320844208391,0.33037608806864915,0.630170703489267
what mouse do you use,neither,0.023926054564797482,0.4707532910622989,0.5053206543729036
1st game 1st win LEGO,neither,0.039009468548539684,0.3042255280635732,0.6567650033878871
hi,neither,0.03945320844208391,0.33037608806864915,0.630170703489267
i played against a guy that had ur name but 2 As on PS4 LUL,neither,0.04453757681920498,0.37130272339709647,0.5841596997836984
c'mon @Ninja,neither,0.03945320844208391,0.33037608806864915,0.630170703489267
@tictacs44 ninjaCreep ninjaCreep ninjaCreep ninjaCreep ninjaCreep ninjaCreep ninjaCreep ninjaCreep ninjaCreep ninjaCreep ninjaCreep ninjaCreep ninjaCreep ninjaCreep ninjaCreep,neither,0.03945320844208391,0.33037608806864915,0.630170703489267
"@Ninja you reacted to my buddies clip in fortnite where he said ""you arent summit and you died laughing when he hit a three piece and died from falling off the mountain",neither,0.053679832010842685,0.36771143561261865,0.5786087323765388
Hiii ninja,neither,0.03945320844208391,0.33037608806864915,0.630170703489267
Lets goooo,neither,0.03868305123800957,0.34344766577192837,0.6178692829900622
Suga daddy,neither,0.03945320844208391,0.33037608806864915,0.630170703489267
Hi,neither,0.03945320844208391,0.33037608806864915,0.630170703489267
You listen song whith spotify ?,neither,0.05371373792235622,0.37924547820044663,0.5670407838771973
listen to narcos by migos,neither,0.04746881033752075,0.3717294834192536,0.5808017062432256
ninjanoticemepleaseninjanoticemepleaseninjanoticemeplease,neither,0.03945320844208391,0.33037608806864915,0.630170703489267
ninjaCRINJA ninjaCRINJA ninjaCRINJA ninjaCRINJA ninjaCRINJA ninjaCRINJA ninjaCRINJA ninjaCRINJA ninjaCRINJA ninjaCRINJA,neither,0.03945320844208391,0.33037608806864915,0.630170703489267
!sub,neither,0.03945320844208391,0.33037608806864915,0.630170703489267
song name: Drake - God’s Plan (Sevnth & Alo Remix),neither,0.03914329013248936,0.335636210604805,0.6252204992627057
ninjaFood,neither,0.03945320844208391,0.33037608806864915,0.630170703489267
Squid1 Squid3 Squid2 Squid4,neither,0.03945320844208391,0.33037608806864915,0.630170703489267
Hi papi,neither,0.03945320844208391,0.33037608806864915,0.630170703489267
"If you want to have access to all the personal Ninja Emoticons and support him, Subscribe here--> https://goo.gl/y7g2gx - As a subscriber you also get access to the Discord server! **How To sub** --> https://goo.gl/6zSzPd",neither,0.0809462978140274,0.3685303662488003,0.5505233359371723
!wins,neither,0.03945320844208391,0.33037608806864915,0.630170703489267
Waking up to ninja is the best ninjaPopcorn ninjaPopcorn ninjaPopcorn ninjaPopcorn ninjaPopcorn ninjaPopcorn ninjaAww ninjaAww ninjaAww ninjaAww ninjaAww ninjaAww ninjaAww ninjaAww ninjaAww,neither,0.047797005531792586,0.3458357196653874,0.6063672748028202
!subs,neither,0.03945320844208391,0.33037608806864915,0.630170703489267
"6 Solo (13, 18, 15, 19, 21, 17 Kills) 6 Duo (1, 14, 11, 11, 8, 6 Kills) ninjaPonW",neither,0.03945320844208391,0.33037608806864915,0.630170703489267
YES DADDY,neither,0.03945320844208391,0.33037608806864915,0.630170703489267
!keyboard,neither,0.03945320844208391,0.33037608806864915,0.630170703489267
Ninja uses the Corsair K70 RAPIDFIRE https://goo.gl/9YfLA3,neither,0.03866787301590295,0.31605508403019134,0.6452770429539058
Squid1 Squid1 Squid1 Squid2 Squid2 Squid2 Squid3 Squid4,neither,0.03945320844208391,0.33037608806864915,0.630170703489267
hi ninja ninjaCreep ninjaCreep ninjaCreep ninjaCreep ninjaCreep ninjaCreep ninjaCreep ninjaCreep ninjaCreep ninjaCreep ninjaCreep ninjaCreep ninjaCreep ninjaCreep,neither,0.03945320844208391,0.33037608806864915,0.630170703489267
!subcount,neither,0.03945320844208391,0.33037608806864915,0.630170703489267
Ninja YESSS,neither,0.03945320844208391,0.33037608806864915,0.630170703489267
!mouse,neither,0.03945320844208391,0.33037608806864915,0.630170703489267
Ninja uses the Logitech G502 https://goo.gl/HWEAjT Settings: https://imgur.com/59iRzY9,neither,0.0388669218289932,0.31974087141206614,0.6413922067589406
KappaPride KappaPride KappaPride KappaPride KappaPride FrankerZ FrankerZ FrankerZ FrankerZ FrankerZ,neither,0.03945320844208391,0.33037608806864915,0.630170703489267
you rokk,offensive_language,0.21217306638279385,0.6099082758190073,0.17791865779819876
solos?,neither,0.03945320844208391,0.33037608806864915,0.630170703489267
@ninja this version or the original?,neither,0.038721942131577196,0.3194808796445474,0.6417971782238754
hi ninja hope have a great stream,neither,0.06089963196377485,0.24126840437797964,0.6978319636582456
Shower bruh,neither,0.03945320844208391,0.33037608806864915,0.630170703489267
no intro with tha rap song ?,neither,0.030551665597522728,0.3734293859750349,0.5960189484274424
WILL DOC PLAY FORTNITE???????,neither,0.04095556326426027,0.3048772059026662,0.6541672308330735
sup @Ninja,neither,0.03945320844208391,0.33037608806864915,0.630170703489267
!commands,neither,0.03945320844208391,0.33037608806864915,0.630170703489267
@Ninja can you use beanie baby skin please,neither,0.025529705180381952,0.4223931922182613,0.5520771026013567
kuma_rl -> The bot commands for this channel are available at https://beta.nightbot.tv/t/ninja/commands,neither,0.04637165599724777,0.29795772305344853,0.6556706209493037
Hey@ninja ninjaPon ninjaPon,neither,0.03945320844208391,0.33037608806864915,0.630170703489267
DOES ANYONE KNOW WHEN THE MINIGUN IS GOING TO BE RELEASED?,neither,0.02977984739799266,0.4594074639414299,0.5108126886605774
heya,neither,0.03945320844208391,0.33037608806864915,0.630170703489267
@Reeferman lolol,neither,0.03945320844208391,0.33037608806864915,0.630170703489267
@jjacoby1212 ninjaCreep ninjaCreep ninjaCreep ninjaCreep ninjaCreep,neither,0.03945320844208391,0.33037608806864915,0.630170703489267
hi ninja,neither,0.03945320844208391,0.33037608806864915,0.630170703489267
ninjaHype ninjaHype ninjaHype ninjaHype ninjaHype ninjaHype ninjaHype ninjaHype ninjaHype ninjaHype ninjaHype ninjaHype ninjaHype ninjaHype ninjaHype ninjaHype ninjaHype ninjaHype ninjaHype ninjaHype,neither,0.03945320844208391,0.33037608806864915,0.630170703489267
@ninja you’re the best,neither,0.07878173453871622,0.3167383977787304,0.6044798676825535
Yo,offensive_language,0.04010381111145228,0.5271105317972344,0.4327856570913131
ayeeeeeee my boy ninj,neither,0.021444584624538354,0.48220956225782785,0.49634585311763385
Of gods plan,neither,0.03945320844208391,0.33037608806864915,0.630170703489267
Had a crazy glitch happen last night man,neither,0.02775631923870163,0.44350376621264415,0.5287399145486543
@ninja u remember me from h1 ? 😕,neither,0.03332119745446542,0.3511944359270684,0.6154843666184662
roast ali a,neither,0.03945320844208391,0.33037608806864915,0.630170703489267
ninjaHype ninjaHype ninjaHype ninjaHype,neither,0.03945320844208391,0.33037608806864915,0.630170703489267
ninjaPopcorn ninjaPopcorn ninjaPopcorn ninjaPopcorn ninjaPopcorn ninjaPopcorn,neither,0.03945320844208391,0.33037608806864915,0.630170703489267
Hi,neither,0.03945320844208391,0.33037608806864915,0.630170703489267
hey stormen Kappa,neither,0.03945320844208391,0.33037608806864915,0.630170703489267
can people get banned for teaming in solos? igot killed by 3 people teaming in solos @ninja,neither,0.06820813864853044,0.3353615952264923,0.5964302661249772
!wins,neither,0.03945320844208391,0.33037608806864915,0.630170703489267
when is your hair appointment??,neither,0.06509997713906977,0.3655386883085615,0.5693613345523688
LUL,neither,0.03945320844208391,0.33037608806864915,0.630170703489267
Hii,neither,0.03945320844208391,0.33037608806864915,0.630170703489267
Music,neither,0.03945320844208391,0.33037608806864915,0.630170703489267
<3 <3 <3 <3 <3,neither,0.03945320844208391,0.33037608806864915,0.630170703489267
Hey,neither,0.03945320844208391,0.33037608806864915,0.630170703489267
DO U KNOW DA WAE NINJA?,neither,0.0663171970299217,0.4208175010580165,0.5128653019120618
ninjaHi ninjaHi ninjaHi ninjaHi ninjaHi ninjaHi,neither,0.03945320844208391,0.33037608806864915,0.630170703489267
ETB GANG,neither,0.03945320844208391,0.33037608806864915,0.630170703489267
what game will doc play???????,neither,0.04501450041579961,0.26841255104895223,0.6865729485352482
glad you blew up love you bro keep it mello,neither,0.05690719339339772,0.44708643500946355,0.49600637159713873
What song is this?,neither,0.05996683045653229,0.33256274023851656,0.6074704293049512
!uptime,neither,0.03945320844208391,0.33037608806864915,0.630170703489267
Ninja has been streaming for 6 minutes 55 seconds,neither,0.03605278841535164,0.31242796755837576,0.6515192440262725
,neither,0.03945320844208391,0.33037608806864915,0.630170703489267
ninjaGold ninjaGold ninjaGold ninjaGold ninjaGold ninjaGold ninjaGold ninjaGold ninjaGold ninjaGold ninjaGold ninjaGold ninjaGold ninjaGold ninjaGold ninjaGold ninjaGold ninjaGold,neither,0.03945320844208391,0.33037608806864915,0.630170703489267
,neither,0.03945320844208391,0.33037608806864915,0.630170703489267
PopCorn PopCorn PopCorn PopCorn PopCorn PopCorn PopCorn,neither,0.03945320844208391,0.33037608806864915,0.630170703489267
ninjaHi ninjaHi ninjaHi,neither,0.03945320844208391,0.33037608806864915,0.630170703489267
!song,neither,0.038601720699969956,0.3448280572582511,0.616570222041779
HES feeling GOOD,neither,0.03878871263606181,0.3306046386471957,0.6306066487167424
so when is the mix tape dropping?,neither,0.0364421214324915,0.3849010795887428,0.5786567989787657
Da war,offensive_language,0.08879829669778354,0.4895905494477949,0.42161115385442155
Tim and Lupo are partied up.. just FYI <3 not saying to p l ay w ith them just sayin they're together,neither,0.05964468005050365,0.3166205793579871,0.6237347405915091
Hiii ninjaPon ninjaPon ninjaPon ninjaPon,neither,0.03945320844208391,0.33037608806864915,0.630170703489267
!1,neither,0.03945320844208391,0.33037608806864915,0.630170703489267
"""Guys ONE second"" -ninja everitiem",neither,0.0385943129839181,0.35990076663856385,0.601504920377518
ninjaHi ninjaHi ninjaHi ninjaHi ninjaHi,neither,0.03945320844208391,0.33037608806864915,0.630170703489267
gjake3 gjake4,neither,0.03945320844208391,0.33037608806864915,0.630170703489267
!uptime,neither,0.03945320844208391,0.33037608806864915,0.630170703489267
nickmercsSHADES nickmercsSHADES,neither,0.03945320844208391,0.33037608806864915,0.630170703489267
Did u just fart ?,neither,0.034563615620184326,0.3535322838003559,0.6119041005794599
Hello,neither,0.03945320844208391,0.33037608806864915,0.630170703489267
Pon pon,neither,0.03945320844208391,0.33037608806864915,0.630170703489267
Is Mini-Gun Live?,neither,0.05211375793440748,0.32602154454111376,0.6218646975244787
ninjaHi ninjaHi ninjaHi ninjaHi ninjaHi ninjaHi ninjaHi,neither,0.03945320844208391,0.33037608806864915,0.630170703489267
!uptime,neither,0.03945320844208391,0.33037608806864915,0.630170703489267
finally ur are online <3,neither,0.09882945748890887,0.2764728070777904,0.6246977354333008
Up at 1am CT watching ninj falls asleep now finishes a math test and I'm back,neither,0.037276990671370025,0.34713380631499074,0.6155892030136394
🤙😁,neither,0.03945320844208391,0.33037608806864915,0.630170703489267
!sub,neither,0.03945320844208391,0.33037608806864915,0.630170703489267
"If you want to have access to all the personal Ninja Emoticons and support him, Subscribe here--> https://goo.gl/y7g2gx - As a subscriber you also get access to the Discord server! **How To sub** --> https://goo.gl/6zSzPd",neither,0.0809462978140274,0.3685303662488003,0.5505233359371723
pon pon,neither,0.03945320844208391,0.33037608806864915,0.630170703489267
Good morning @Ninja,neither,0.0468013847741319,0.19273113716557552,0.7604674780602926
ninjaHi ninjaHi ninjaHi ninjaHi ninjaHi ninjaHi,neither,0.03945320844208391,0.33037608806864915,0.630170703489267
ninjaHype ninjaHype ninjaHype ninjaHype ninjaHype ninjaHype ninjaHype ninjaHype ninjaHype ninjaHype ninjaHype ninjaHype ninjaHype ninjaHype,neither,0.03945320844208391,0.33037608806864915,0.630170703489267
!uptime,neither,0.03945320844208391,0.33037608806864915,0.630170703489267
!sens,neither,0.03945320844208391,0.33037608806864915,0.630170703489267
!commands,neither,0.03945320844208391,0.33037608806864915,0.630170703489267
I don’t have school today!,neither,0.03712944828703193,0.31460311179613537,0.6482674399168327
tag850 -> The bot commands for this channel are available at https://beta.nightbot.tv/t/ninja/commands,neither,0.04637165599724777,0.29795772305344853,0.6556706209493037
!subs,neither,0.03945320844208391,0.33037608806864915,0.630170703489267
!uptime,neither,0.03945320844208391,0.33037608806864915,0.630170703489267
Mornin!,neither,0.03945320844208391,0.33037608806864915,0.630170703489267
yo ninj!,offensive_language,0.04010381111145228,0.5271105317972344,0.4327856570913131
when is your hair appt?,neither,0.08129927268812881,0.3795613238223706,0.5391394034895005
NO CAM STREA<,neither,0.03842954017414374,0.34775041013688707,0.6138200496889692
wear a hat nerd,neither,0.03945320844208391,0.33037608806864915,0.630170703489267
ninjaGift ninjaHyper ninjaHyperr,neither,0.03945320844208391,0.33037608806864915,0.630170703489267
!uptime,neither,0.03945320844208391,0.33037608806864915,0.630170703489267
Ninja has been streaming for 7 minutes 25 seconds,neither,0.03593765925135289,0.31181944048327837,0.6522429002653688
wear a hat sumLUL,neither,0.03945320844208391,0.33037608806864915,0.630170703489267
what is a song,neither,0.0622135757233595,0.3302657648930177,0.6075206593836229
wear a hat,neither,0.03945320844208391,0.33037608806864915,0.630170703489267
hair appt?,neither,0.03945320844208391,0.33037608806864915,0.630170703489267
1st game?,neither,0.03860481724248126,0.27654825597430965,0.684846926783209
BloodTrail BloodTrail BloodTrail BloodTrail BloodTrail BloodTrail,neither,0.03945320844208391,0.33037608806864915,0.630170703489267
are u planning on dropping some new ninja merch soon or this is it for a while?,neither,0.04629822298824695,0.2612115330179743,0.6924902439937789
Howdy @zoomaa,neither,0.03945320844208391,0.33037608806864915,0.630170703489267
,neither,0.03945320844208391,0.33037608806864915,0.630170703489267
,neither,0.03945320844208391,0.33037608806864915,0.630170703489267
We need a double pon to hold us over,neither,0.0763796170515152,0.3230004298973876,0.6006199530510972
wear a hat @Ninja,neither,0.03945320844208391,0.33037608806864915,0.630170703489267
wear a hat,neither,0.03945320844208391,0.33037608806864915,0.630170703489267
hat,neither,0.03945320844208391,0.33037608806864915,0.630170703489267
hand cam the whole time @Ninja,neither,0.038006518996754377,0.3326145017060425,0.6293789792972032
,neither,0.03945320844208391,0.33037608806864915,0.630170703489267
,neither,0.03945320844208391,0.33037608806864915,0.630170703489267
ninjaRare,neither,0.03945320844208391,0.33037608806864915,0.630170703489267
hiiiiiiiiii,neither,0.03945320844208391,0.33037608806864915,0.630170703489267
wear a hat,neither,0.03945320844208391,0.33037608806864915,0.630170703489267
just do mouse and keyboard camera,neither,0.0366293389844225,0.31623406198693627,0.6471365990286413
hat,neither,0.03945320844208391,0.33037608806864915,0.630170703489267
wear hat,neither,0.03945320844208391,0.33037608806864915,0.630170703489267
@ninja hat stream,neither,0.03945320844208391,0.33037608806864915,0.630170703489267
when is your hair appt??,neither,0.08129927268812881,0.3795613238223706,0.5391394034895005
SODA POPPIN JR.,neither,0.03945320844208391,0.33037608806864915,0.630170703489267
no facecam?,neither,0.036918905254960256,0.37338982715841207,0.5896912675866277
where the cow hat? betsy @Ninja,neither,0.04014553232887049,0.29429603815026245,0.6655584295208672
Wear a hat!,neither,0.03945320844208391,0.33037608806864915,0.630170703489267
"Wear a hoodie/hat/shave it, make a wig for tomorrow",neither,0.035139105056647996,0.3128776894104917,0.6519832055328603
Hat,neither,0.03945320844208391,0.33037608806864915,0.630170703489267
@Ninja just stream with no face cam,neither,0.029103053487675938,0.37794298868766996,0.5929539578246541
No school for me finished exams xd,neither,0.026916721307054265,0.35232771036334376,0.620755568329602
Wear a hat?,neither,0.03945320844208391,0.33037608806864915,0.630170703489267
Wear a hat,neither,0.03945320844208391,0.33037608806864915,0.630170703489267
wear* fml,neither,0.03945320844208391,0.33037608806864915,0.630170703489267
daddy Kreygasm,neither,0.03945320844208391,0.33037608806864915,0.630170703489267
Wish I had the cash to sub to ya Tyler BibleThump BibleThump BibleThump,neither,0.036116228832383586,0.4818034802825679,0.48208029088504856
Put a hat on lol,neither,0.028525818403391575,0.4059159892209505,0.5655581923756579
First game watching you live,neither,0.050862601113760814,0.330335127502303,0.6188022713839362
!time,neither,0.036668274527354654,0.377643684699956,0.5856880407726893
mouse and key cam for stream later,neither,0.03535676505034206,0.2887699193001089,0.6758733156495491
Gotta stream again,neither,0.036058286630281024,0.38799677125485127,0.5759449421148676
"February 2nd 2018, 9:52:50 am CST GMT-06:00",neither,0.03934650575696994,0.3304127880149758,0.6302407062280544
Ninja I live like 15 minutes from u,neither,0.05253652147875196,0.32719710184267436,0.6202663766785738
ninjaIQ ninjaIQ ninjaIQ,neither,0.03945320844208391,0.33037608806864915,0.630170703489267
!graphics,neither,0.03945320844208391,0.33037608806864915,0.630170703489267
Super saiyan rose baby!!,neither,0.03945320844208391,0.33037608806864915,0.630170703489267
!wins,neither,0.03945320844208391,0.33037608806864915,0.630170703489267
"6 Solo (13, 18, 15, 19, 21, 17 Kills) 6 Duo (1, 14, 11, 11, 8, 6 Kills) ninjaPonW",neither,0.03945320844208391,0.33037608806864915,0.630170703489267
not the gumdrop BUTTONS,neither,0.036977857143609225,0.317506288140654,0.6455158547157368
Just wear a hat,neither,0.03446065795900346,0.35404381420511327,0.6114955278358833
Stream just show mouse and keyboard ?,neither,0.04520733215905512,0.26624562898652565,0.6885470388544193
wear a durag,neither,0.03945320844208391,0.33037608806864915,0.630170703489267
Waking up to @ninja is the best ninjaAww ninjaAww ninjaAww ninjaAww ninjaAww ninjaAww ninjaAww ninjaAww ninjaAww ninjaAww ninjaAww ninjaAww,neither,0.047797005531792586,0.3458357196653874,0.6063672748028202
gingerbread WOman,neither,0.03727827341758435,0.36729041156251246,0.5954313150199032
@ninja you gotta,neither,0.056597189484814556,0.42096032959818025,0.5224424809170053
@ninja wear a hat or something lol,neither,0.03356486747829935,0.37210334130251743,0.5943317912191831
oof,neither,0.03945320844208391,0.33037608806864915,0.630170703489267
definitley have to stream tho,neither,0.041264171013479976,0.3445200382441547,0.6142157907423652
wear a hat my mans,neither,0.029302489568012586,0.4084739598031361,0.5622235506288513
Wear a hat my dude,neither,0.02860590487052222,0.4144917189974542,0.5569023761320236
!wins,neither,0.03945320844208391,0.33037608806864915,0.630170703489267
Put a brown bag over your head Kappa then you will look like ninjaFail,neither,0.08583434468351098,0.33594988792623387,0.5782157673902552
TRAPPPPPPPPP,neither,0.03945320844208391,0.33037608806864915,0.630170703489267
TheIlluminati,neither,0.03945320844208391,0.33037608806864915,0.630170703489267
!subcount,neither,0.03945320844208391,0.33037608806864915,0.630170703489267
mouse and ketboard cam,neither,0.03871115388379184,0.2930824068450049,0.6682064392712033
!uptime,neither,0.03945320844208391,0.33037608806864915,0.630170703489267
Ninja has been streaming for 8 minutes 3 seconds,neither,0.035678679601720456,0.31045049647393935,0.6538708239243401
Ninja my man,offensive_language,0.027458894195356517,0.49716182163267736,0.47537928417196623
jo,neither,0.03945320844208391,0.33037608806864915,0.630170703489267
Currently there are 27394 subscribed,neither,0.07087749722926778,0.23135887718097997,0.6977636255897524
No don’t do that,neither,0.03438137386860052,0.4143368211974563,0.5512818049339431
lmfao,neither,0.05470637918084239,0.32512982320825545,0.6201637976109021
@Ninja Thicc ginger bread booty,neither,0.035835044174912976,0.39178577833882944,0.5723791774862577
"Do a Summit cosplay, and wear a hat",neither,0.03984000783686582,0.3032545576126993,0.6569054345504348
!time,neither,0.036668274527354654,0.377643684699956,0.5856880407726893
bring back mr. respectfull from the dead,neither,0.03956771307960315,0.30007362891653294,0.660358658003864
yeah just do a keyboard cam later,neither,0.02626891133539102,0.42047273060078283,0.5532583580638263
thanks for the twitch message man!,neither,0.032926711074666715,0.32694052468023355,0.6401327642450997
wear a beanie @Ninja,neither,0.03945320844208391,0.33037608806864915,0.630170703489267
Yo @zoomaa,offensive_language,0.04010381111145228,0.5271105317972344,0.4327856570913131
I don’t want you to be in danger,neither,0.06671960953071182,0.37364050814866895,0.5596398823206192
let's see a 30bomb in solos today how bout dat,neither,0.022204781462949612,0.41007768587488275,0.5677175326621677
!uptime,neither,0.03945320844208391,0.33037608806864915,0.630170703489267
!settings,neither,0.03945320844208391,0.33037608806864915,0.630170703489267
Graphics [https://goo.gl/tBr6Nw] | Keybinds U & O are mapped to Mouse 4 & 5 | Sens .07 [https://goo.gl/1Zv8vA] | DPI 800,neither,0.05940825338327743,0.3001685827088225,0.6404231639079
Good morning @ninja,neither,0.0468013847741319,0.19273113716557552,0.7604674780602926
,neither,0.03945320844208391,0.33037608806864915,0.630170703489267
,neither,0.03945320844208391,0.33037608806864915,0.630170703489267
ninjacheer100 ninjacheer100 ninjacheer100,neither,0.03945320844208391,0.33037608806864915,0.630170703489267
squad with lupo and tim!!!!!,neither,0.02878766964510377,0.3273240211567569,0.6438883091981394
!uptime,neither,0.03945320844208391,0.33037608806864915,0.630170703489267
just do the cosplay tonight!!!!!,neither,0.03387347384278166,0.31606647257830706,0.6500600535789112
Dad?,neither,0.03945320844208391,0.33037608806864915,0.630170703489267
ayeeee,neither,0.03945320844208391,0.33037608806864915,0.630170703489267
just do the cosplay tonight!!!!,neither,0.03387347384278166,0.31606647257830706,0.6500600535789112
!settings,neither,0.03945320844208391,0.33037608806864915,0.630170703489267
!subcount,neither,0.03945320844208391,0.33037608806864915,0.630170703489267
27394 x 3$ wow so much money,neither,0.035067519661942076,0.38345788052258456,0.5814745998154733
Currently there are 27395 subscribed,neither,0.07087749722926778,0.23135887718097997,0.6977636255897524
everybody ask for mr. respectfulllll,neither,0.03357398094591549,0.30101626531737274,0.6654097537367119
!uptime,neither,0.03945320844208391,0.33037608806864915,0.630170703489267
Ninja has been streaming for 8 minutes 39 seconds,neither,0.03605278841535164,0.31242796755837576,0.6515192440262725
kello,neither,0.03945320844208391,0.33037608806864915,0.630170703489267
just do the cosplay tonight!!!!!,neither,0.03387347384278166,0.31606647257830706,0.6500600535789112
Is mini gun out yet,neither,0.04223427124318474,0.34256239245632175,0.6152033363004935
"ah, best entertainment while I work from home.",neither,0.03954250343527327,0.31271819470717666,0.64773930185755
what a productive streamer :O :O,neither,0.057770773616808734,0.3180719994247239,0.6241572269584672
@ninja Did I miss ponpon,neither,0.03287827853957949,0.33263750795949265,0.6344842135009278
DADDY,neither,0.03945320844208391,0.33037608806864915,0.630170703489267
just do the cosplay tonight!!!!,neither,0.03387347384278166,0.31606647257830706,0.6500600535789112
i love twitch ads,neither,0.03701874269271298,0.3416619229546012,0.6213193343526858
ecape,neither,0.03945320844208391,0.33037608806864915,0.630170703489267
Hey Ninja you’re not only great at the game but your foreskin game is strong thanks for being you,neither,0.07198875503158322,0.2959277895648313,0.6320834554035855
Jebaited,neither,0.03945320844208391,0.33037608806864915,0.630170703489267
!time,neither,0.036668274527354654,0.377643684699956,0.5856880407726893
"February 2nd 2018, 9:53:55 am CST GMT-06:00",neither,0.039351737339793684,0.33041098863374524,0.630237274026461
!uptime,neither,0.03945320844208391,0.33037608806864915,0.630170703489267
@ninja wear a hat or something,neither,0.03945320844208391,0.33037608806864915,0.630170703489267
What up man,offensive_language,0.04451793531771813,0.5258247608231325,0.4296573038591494
just do the cosplay tonight!!!!!,neither,0.03387347384278166,0.31606647257830706,0.6500600535789112
Hey,neither,0.03945320844208391,0.33037608806864915,0.630170703489267
My ass gets so wet everytime I see Ninja is streaming ninjaShield ninjaShield ninjaShield ninjaShield ninjaShield ninjaShield ninjaShield ninjaShield ninjaShield ninjaShield ninjaShield ninjaShield ninjaShield ninjaShield ninjaShield ninjaShield ninjaShield ninjaShield ninjaShield,offensive_language,0.08425403435935354,0.8722895651126016,0.04345640052804484
do no cam,neither,0.04009693038802161,0.3457267726333205,0.6141762969786578
Kreygasm,neither,0.03945320844208391,0.33037608806864915,0.630170703489267
@Ninja can u tell us your graphic settings? :D,neither,0.10697138996961889,0.31043715273581873,0.5825914572945623
!playlist,neither,0.03945320844208391,0.33037608806864915,0.630170703489267
This is the playlist Ninja uses SOMETIMES https://goo.gl/jxSCC2,neither,0.04395166016981906,0.3190785640150811,0.6369697758150997
wear a beanie @Ninja,neither,0.03945320844208391,0.33037608806864915,0.630170703489267
ninjaRekt ninjaRekt ninjaRekt ninjaRekt ninjaRekt ninjaRekt ninjaRekt ninjaRekt ninjaRekt ninjaRekt ninjaRekt ninjaRekt ninjaRekt ninjaRekt ninjaRekt ninjaRekt ninjaRekt ninjaRekt ninjaRekt ninjaRekt ninjaRekt ninjaRekt ninjaRekt ninjaRekt,neither,0.03945320844208391,0.33037608806864915,0.630170703489267
LUL,neither,0.03945320844208391,0.33037608806864915,0.630170703489267
yo,offensive_language,0.04010381111145228,0.5271105317972344,0.4327856570913131
Hey guys,neither,0.03929207127355727,0.33311100635304525,0.6275969223733975
Hello,neither,0.03945320844208391,0.33037608806864915,0.630170703489267
adhd is not a disease. amphetamines are performance enhancing drugs.,neither,0.06506370601752068,0.29741487887770357,0.6375214151047758
hwy ninja im at school but ill watch you tonight ninjaGold ninjaGold ninjaGold,neither,0.04822750811561215,0.38795433401590546,0.5638181578684823
"morning chat, mods, Ninja! Hope everyone is doing well!",neither,0.07223394390575404,0.23270282625010022,0.6950632298441457
"cheer500 Hey ninja, been watching for a long time and absolutely love you man. You give me a lot of joy. However I will never be nearly good as you and I play console but I got a 23 kill solo sniper shootout game earlier and am absolutely pumped!! Keep grinding bro ninjaH",neither,0.09537997080375483,0.3497815647837615,0.5548384644124837
letsgo mr.respectfull back from the dead,neither,0.039582661069024555,0.2964626014587177,0.6639547374722577
@Ninja NOTICE ME SENPAI <3,neither,0.03274192201262149,0.36654956102064684,0.6007085169667317
!settings,neither,0.03945320844208391,0.33037608806864915,0.630170703489267
Graphics [https://goo.gl/tBr6Nw] | Keybinds U & O are mapped to Mouse 4 & 5 | Sens .07 [https://goo.gl/1Zv8vA] | DPI 800,neither,0.05940825338327743,0.3001685827088225,0.6404231639079
<3,neither,0.03945320844208391,0.33037608806864915,0.630170703489267
!uptime,neither,0.03945320844208391,0.33037608806864915,0.630170703489267
Ninja I bought the Mouse that you use but I think my hands are too big for it! RIP!,neither,0.019214860871754835,0.44917995044632625,0.531605188681919
Ninja has been streaming for 9 minutes 28 seconds,neither,0.036009324457300686,0.31219823727366697,0.6517924382690324
LUL,neither,0.03945320844208391,0.33037608806864915,0.630170703489267
@ninja on what for s key have you sneak and sprint?,neither,0.04502497158170749,0.3218289809578692,0.6331460474604234
LUL,neither,0.03945320844208391,0.33037608806864915,0.630170703489267
I am 5 min late,neither,0.03926305890276207,0.3304414892146436,0.6302954518825943
LOOOL,neither,0.03945320844208391,0.33037608806864915,0.630170703489267
the other window,neither,0.03838132941595346,0.3106686363614245,0.6509500342226221
pew pew,neither,0.03945320844208391,0.33037608806864915,0.630170703489267
NinjaGrumpy,neither,0.03945320844208391,0.33037608806864915,0.630170703489267
are u planning on dropping some new ninja merch soon or this is it for a while? @Ninja,neither,0.04512479417072747,0.27203629708381016,0.6828389087454624
PogChamp PogChamp,neither,0.03945320844208391,0.33037608806864915,0.630170703489267
riiip LUL,neither,0.03945320844208391,0.33037608806864915,0.630170703489267
riP,neither,0.03945320844208391,0.33037608806864915,0.630170703489267
!settings,neither,0.03945320844208391,0.33037608806864915,0.630170703489267
!sub,neither,0.03945320844208391,0.33037608806864915,0.630170703489267
ggs,neither,0.03945320844208391,0.33037608806864915,0.630170703489267
ninja you look...GOOD,neither,0.05978670192155194,0.38177603742043176,0.5584372606580164
rekttttt,neither,0.03945320844208391,0.33037608806864915,0.630170703489267
"If you want to have access to all the personal Ninja Emoticons and support him, Subscribe here--> https://goo.gl/y7g2gx - As a subscriber you also get access to the Discord server! **How To sub** --> https://goo.gl/6zSzPd",neither,0.0809462978140274,0.3685303662488003,0.5505233359371723
sup man,neither,0.03963703663028572,0.41087941302266007,0.5494835503470542
ninjaTooth ninjaTooth ninjaTooth ninjaTooth ninjaTooth ninjaTooth,neither,0.03945320844208391,0.33037608806864915,0.630170703489267
greetings from poland,neither,0.04228451509352876,0.2823214250720796,0.6753940598343917
hi,neither,0.03945320844208391,0.33037608806864915,0.630170703489267
GOTEM,neither,0.03945320844208391,0.33037608806864915,0.630170703489267
i love you,offensive_language,0.079837142191777,0.5038574454704381,0.4163054123377849
!uptime,neither,0.03945320844208391,0.33037608806864915,0.630170703489267
window shopping,neither,0.03945320844208391,0.33037608806864915,0.630170703489267
rip ponpon,neither,0.03945320844208391,0.33037608806864915,0.630170703489267
!1g,neither,0.03945320844208391,0.33037608806864915,0.630170703489267
"September 24th, 2016. The day the legend himself, summit1g sprayed his 1g all over ninja and hosted him.",neither,0.04863942441360554,0.3224431405425691,0.6289174350438254
Hullo,neither,0.03945320844208391,0.33037608806864915,0.630170703489267
Good play,neither,0.0384067628770229,0.3307360086838655,0.6308572284391115
sei ma neim,offensive_language,0.02959681466293397,0.497664813638812,0.47273837169825395
!specs,neither,0.03945320844208391,0.33037608806864915,0.630170703489267
do a mouse and keyboard seam after hair,neither,0.03988354503667251,0.30072050277434925,0.6593959521889784
Gaming PC -> https://goo.gl/Zp8sc9 | Streaming PC -> https://goo.gl/C1S663,neither,0.03945320844208391,0.33037608806864915,0.630170703489267
ninjaClap ninjaClap ninjaClap ninjaClap ninjaClap,neither,0.03945320844208391,0.33037608806864915,0.630170703489267
You sexy beast,neither,0.058572975136669765,0.38376696804070604,0.5576600568226242
ouch,neither,0.03945320844208391,0.33037608806864915,0.630170703489267
HELLO,neither,0.03945320844208391,0.33037608806864915,0.630170703489267
Joooooooo,neither,0.03945320844208391,0.33037608806864915,0.630170703489267
drewGL drewGL drewVibe,neither,0.03945320844208391,0.33037608806864915,0.630170703489267
eyo duckHey,neither,0.03945320844208391,0.33037608806864915,0.630170703489267
Owww,neither,0.03945320844208391,0.33037608806864915,0.630170703489267
FBaway FBtouchdown FBhome,neither,0.03945320844208391,0.33037608806864915,0.630170703489267
Watching while taking a bubble bath lol,neither,0.03402518793547022,0.3686243734099896,0.5973504386545403
where's the black goku cosplay?,neither,0.05616855906672759,0.27914390773934716,0.6646875331939253
@Ninja whats your graphic settings?,neither,0.06353083098048432,0.3236979547986479,0.6127712142208679
I'm in class,neither,0.03945320844208391,0.33037608806864915,0.630170703489267
love you boo,neither,0.05801659055055036,0.4165602455505561,0.5254231638988934
who is he playing with?,neither,0.04087124022853483,0.44766791264998385,0.5114608471214813
Wish I could sup to ya Tyler BibleThump BibleThump,offensive_language,0.032191616540322966,0.5194298228515712,0.44837856060810577
!uptime,neither,0.03945320844208391,0.33037608806864915,0.630170703489267
damn,offensive_language,0.042479326866149344,0.9516554255713155,0.005865247562535126
Ninja has been streaming for 10 minutes 1 second,neither,0.03581474761572012,0.31116975266504027,0.6530154997192394
(kappa),neither,0.03945320844208391,0.33037608806864915,0.630170703489267
kiaaHI,neither,0.03945320844208391,0.33037608806864915,0.630170703489267
!subs,neither,0.03945320844208391,0.33037608806864915,0.630170703489267
You teach them that Ninja,neither,0.07851171253346194,0.2925565991260152,0.6289316883405228
yoooooo ninjaaaaa,neither,0.03945320844208391,0.33037608806864915,0.630170703489267
ninjaWifey ninjaWifey ninjaWifey,neither,0.03945320844208391,0.33037608806864915,0.630170703489267
ya that was a good play,offensive_language,0.021700371723607094,0.6258927136625245,0.35240691461386847
NINJA UR A LEGEND,neither,0.06149138447172729,0.3227961487582144,0.6157124667700584
that guy’s a beast,neither,0.034861749622537436,0.3834136547558564,0.581724595621606
ninjaCreep,neither,0.03945320844208391,0.33037608806864915,0.630170703489267
you are my hero,neither,0.07762893711781026,0.44315907864207243,0.4792119842401173
!subcount,neither,0.03945320844208391,0.33037608806864915,0.630170703489267
@ninja did I miss ponpon,neither,0.03287827853957949,0.33263750795949265,0.6344842135009278
