text,top_class,hate_speech,offensive_language,neither
F,neither,0.03945320844208391,0.33037608806864915,0.630170703489267
niooooooooooo,neither,0.03945320844208391,0.33037608806864915,0.630170703489267
WE bACK,neither,0.039166053543719236,0.33524985610846453,0.6255840903478163
Oh woops,neither,0.051363287716059566,0.22255663153133606,0.7260800807526044
whoop,neither,0.03945320844208391,0.33037608806864915,0.630170703489267
oh come on,neither,0.04024754632847496,0.31718705432909994,0.6425653993424251
?,neither,0.03945320844208391,0.33037608806864915,0.630170703489267
So he's a 9th lvl Hexblade,neither,0.04391896444090914,0.36628146702829706,0.5897995685307936
saved,neither,0.03945320844208391,0.33037608806864915,0.630170703489267
REFRESH,neither,0.03945320844208391,0.33037608806864915,0.630170703489267
were good,neither,0.038907191182389146,0.29606029028769265,0.6650325185299182
hahah,neither,0.03945320844208391,0.33037608806864915,0.630170703489267
Oof,neither,0.03945320844208391,0.33037608806864915,0.630170703489267
LUL,neither,0.03945320844208391,0.33037608806864915,0.630170703489267
refresh,neither,0.03945320844208391,0.33037608806864915,0.630170703489267
what noooo!!!,neither,0.04634447332206036,0.3254755592165292,0.6281799674614104
It's back!,neither,0.03654534214784638,0.3313762366291984,0.6320784212229552
phew,neither,0.03945320844208391,0.33037608806864915,0.630170703489267
"What!,!",neither,0.057770773616808734,0.3180719994247239,0.6241572269584672
"Can’t believe they’re getting this deep into a fight this late. Also, this... this gonna be a tough fight, they might be in trouble",neither,0.04412429607750829,0.3698567390695045,0.5860189648529872
SAVED,neither,0.03945320844208391,0.33037608806864915,0.630170703489267
refresh,neither,0.03945320844208391,0.33037608806864915,0.630170703489267
back,neither,0.03945320844208391,0.33037608806864915,0.630170703489267
"Refresh, its back.",neither,0.03356003310905912,0.33240302130078203,0.6340369455901588
:O,neither,0.03945320844208391,0.33037608806864915,0.630170703489267
"refresh the stream, i'm good",neither,0.038201589091115644,0.31722552442811003,0.6445728864807743
it is up,neither,0.04738699140855922,0.4365031410540322,0.5161098675374087
Refresh nerds,neither,0.03945320844208391,0.33037608806864915,0.630170703489267
lo,neither,0.03945320844208391,0.33037608806864915,0.630170703489267
Hiccup,neither,0.03945320844208391,0.33037608806864915,0.630170703489267
FROZEN,neither,0.03945320844208391,0.33037608806864915,0.630170703489267
awk,neither,0.03945320844208391,0.33037608806864915,0.630170703489267
what happened!!!!!!!!,neither,0.04722295797655572,0.3248777811305592,0.6278992608928851
wE BACK LOL,neither,0.027988422998788714,0.41973624939928333,0.552275327601928
NOOOOOOOOOOOOOOOOOOOOOOOOOO,neither,0.03945320844208391,0.33037608806864915,0.630170703489267
PICNIC D:,neither,0.03945320844208391,0.33037608806864915,0.630170703489267
refresh,neither,0.03945320844208391,0.33037608806864915,0.630170703489267
refresh,neither,0.03945320844208391,0.33037608806864915,0.630170703489267
F,neither,0.03945320844208391,0.33037608806864915,0.630170703489267
We will never know,neither,0.035857055902350964,0.3557414030862875,0.6084015410113616
refresh,neither,0.03945320844208391,0.33037608806864915,0.630170703489267
we back,neither,0.039166053543719236,0.33524985610846453,0.6255840903478163
f5,neither,0.03945320844208391,0.33037608806864915,0.630170703489267
lorenzo was not slowed,neither,0.036436282539421896,0.34531201776490117,0.6182516996956771
STREAM IS FROZEN TOO,neither,0.046283221171088046,0.33168386853056336,0.6220329102983486
back,neither,0.03945320844208391,0.33037608806864915,0.630170703489267
oh cmon notAT THE MOST HYPE PART,neither,0.04249539103123587,0.2822310902782297,0.6752735186905344
Nooooooooooooooooo,neither,0.03945320844208391,0.33037608806864915,0.630170703489267
Had to reload,neither,0.05521421149133411,0.3215005512478121,0.6232852372608538
"reload, y'all",offensive_language,0.046917543854519406,0.6277741405869331,0.3253083155585475
Damn evasion. It’s hard to remember,offensive_language,0.045644626958461686,0.8796430210086971,0.07471235203284125
SAVED,neither,0.03945320844208391,0.33037608806864915,0.630170703489267
RELOAD CHAT,neither,0.03945320844208391,0.33037608806864915,0.630170703489267
and we're back,neither,0.0663938077601487,0.23932562213624284,0.6942805701036083
what....stream,neither,0.04608760383524793,0.32565139261192405,0.6282610035528281
Noooooooooooooo,neither,0.03945320844208391,0.33037608806864915,0.630170703489267
REFRESH,neither,0.03945320844208391,0.33037608806864915,0.630170703489267
Refresh y'all,neither,0.041581534396601456,0.41502748495485636,0.5433909806485423
"whoops, stream bug",neither,0.03945320844208391,0.33037608806864915,0.630170703489267
Dammit Comcast!,neither,0.03945320844208391,0.33037608806864915,0.630170703489267
Lorenzo the eldritch knight,neither,0.038351000110748164,0.310092396174505,0.6515566037147468
bork portilloGarbage,neither,0.03945320844208391,0.33037608806864915,0.630170703489267
refresh,neither,0.03945320844208391,0.33037608806864915,0.630170703489267
that was scary,neither,0.03428137878002983,0.38789244454866095,0.5778261766713093
WE BACK HOILY SHITT,neither,0.039166053543719236,0.33524985610846453,0.6255840903478163
gandsLHMercer gandsLHMercer gandsLHMercer,neither,0.03945320844208391,0.33037608806864915,0.630170703489267
REFRESH!,neither,0.03945320844208391,0.33037608806864915,0.630170703489267
TECHNICAL DIFFICULTIES,neither,0.03945320844208391,0.33037608806864915,0.630170703489267
aghhhhhhh,neither,0.03945320844208391,0.33037608806864915,0.630170703489267
Episode went boop!,neither,0.03945320844208391,0.33037608806864915,0.630170703489267
Just refresg!,neither,0.02667013123193722,0.39600456006212814,0.5773253087059346
noooooooooooooooooooo9o9oo9999,neither,0.03945320844208391,0.33037608806864915,0.630170703489267
PRERECORDED,neither,0.03945320844208391,0.33037608806864915,0.630170703489267
,neither,0.03945320844208391,0.33037608806864915,0.630170703489267
refresh the stream guys!,neither,0.038655357981896225,0.3190060700000718,0.642338572018032
REFRESH,neither,0.03945320844208391,0.33037608806864915,0.630170703489267
refresh,neither,0.03945320844208391,0.33037608806864915,0.630170703489267
refresh chill,neither,0.03945320844208391,0.33037608806864915,0.630170703489267
Hello??,neither,0.03945320844208391,0.33037608806864915,0.630170703489267
Don't mess with my heart like that!!!!!!!,offensive_language,0.024692932237490743,0.493664557005585,0.4816425107569242
glad it wasn't just me lol I freaked out a bit,neither,0.02465917114889362,0.4163896465032837,0.5589511823478227
They all died FeelsBadMan,neither,0.0420555879717183,0.43279144835235045,0.5251529636759312
@LKAthys I'm betting he's a warlock like fjord,neither,0.060193923566198626,0.34564278979436985,0.5941632866394315
kill her while sh'es down!,offensive_language,0.31655919550685324,0.40583363665548133,0.27760716783766537
HOLY SHIT THAT WAS CRAZY,offensive_language,0.03536469314068745,0.9635645254156454,0.0010707814436670036
lol working fine on youtube,neither,0.030417054218874646,0.39144686732613876,0.5781360784549866
The intensity was too much for Twitch to handle :P,neither,0.0362500877424553,0.3042301707366633,0.6595197415208812
They have a bard!!!! KILL HER!,hate_speech,0.5251395943462829,0.36929643285919445,0.10556397279452259
Wait no?! What was the answer to the locked door question?!,neither,0.04564346102506445,0.31515305058950854,0.6392034883854271
refresh if you cannto see the stream,neither,0.03399350898885238,0.3961892021650564,0.5698172888460913
or just hit her again and kill her 100%,offensive_language,0.1881377797189596,0.5982761336621828,0.21358608661885764
"Matt said frozen, so stream FROZE",neither,0.039420850425600916,0.3589412423792863,0.6016379071951128
gandsLHMercer gandsLHMercer gandsLHMercer gandsLHMercer gandsLHMercer,neither,0.03945320844208391,0.33037608806864915,0.630170703489267
gandsOne,neither,0.03945320844208391,0.33037608806864915,0.630170703489267
Nooooooooo!,neither,0.03945320844208391,0.33037608806864915,0.630170703489267
just killed all their income,neither,0.03682501992862427,0.41388831104439405,0.5492866690269816
Kill the Druid!,hate_speech,0.7454791067572198,0.06189922843395018,0.19262166480882992
I can't believe they killed them all in one round.,neither,0.052028292913880385,0.4051448981404399,0.5428268089456796
"Aw snap, I just got the re-notification how far in are we??",neither,0.061912379412496554,0.3165445172138014,0.6215431033737021
He isnt an Eldritch Knight. They are third casters. They only get up to 4th level. He may be a Bladesinger,neither,0.061163384687846635,0.32050906786103334,0.61832754745112
!uptime,neither,0.03945320844208391,0.33037608806864915,0.630170703489267
focus firrrreeeee,neither,0.03945320844208391,0.33037608806864915,0.630170703489267
TableHere TableHere TableHere FlipThis TableHere TableHere FlipThis TableHere FlipThis FlipThis,neither,0.03945320844208391,0.33037608806864915,0.630170703489267
eldritch knight can only reach lvl 4 spells at 19 so he wouldnt get cone of cold ever,neither,0.04138192397914682,0.3635747951698706,0.5950432808509826
Finish her,offensive_language,0.028245237304664883,0.62051891895385,0.3512358437414851
nothing bad happened for me on youtube...,neither,0.024132228931522746,0.3819951351276613,0.593872635940816
@TwitchDotComIsGarbage we're still live. 4.5 hours in,neither,0.06127690207956479,0.3178144514372053,0.62090864648323
Cone of Frozen Internet,neither,0.03945320844208391,0.33037608806864915,0.630170703489267
suicidal mission,neither,0.03945320844208391,0.33037608806864915,0.630170703489267
good god,neither,0.03842279406358671,0.3307304948236865,0.6308467111127268
Just FYI if cone of cold kills you you freeze to a frozen statue (IE what is in the cages).,neither,0.049353406557258665,0.3893810264369511,0.5612655670057901
4 hrs 34 misn into live session,neither,0.04243781639617397,0.3293495445322415,0.6282126390715844
THE FUCKING TENSION,offensive_language,0.15198844031658396,0.8480115232097859,3.647363037489186e-08
epic music,neither,0.03945320844208391,0.33037608806864915,0.630170703489267
!clock,neither,0.03945320844208391,0.33037608806864915,0.630170703489267
It is currently Thursday 11:36 PM at the Geek & Sundry studio in California.,neither,0.05058138282837877,0.329693225218736,0.6197253919528851
Rip Bo,neither,0.03945320844208391,0.33037608806864915,0.630170703489267
oh so lorenzo doesn't have to make an acrobatics check but she does?,offensive_language,0.03428480254017015,0.49438305334762034,0.4713321441122094
I'm not okay,neither,0.037389211900587416,0.33818770384887614,0.6244230842505364
isn't the druid half orc....doesnt it have resilience?,neither,0.037424575903673304,0.32541703547528567,0.637158388621041
"@Samurai_NazoSan he's not an elf, so not bladesinger",neither,0.041787789353970706,0.36962316408735396,0.5885890465586754
!breathe chat,neither,0.03945320844208391,0.33037608806864915,0.630170703489267
"Breathe chat, don't forget to breathe!",neither,0.043240660000419984,0.32813254730532265,0.6286267926942574
I bet all of you they're all 5th level characters,neither,0.06883257994639316,0.44817697757814595,0.4829904424754609
"Set. Lorenzo. On. FIRE! Oil is flammable, isn't it?",neither,0.04203173076242665,0.3391369995045618,0.6188312697330117
Ass parkour,offensive_language,0.19807820542404952,0.8019217940132747,5.626757984447914e-10
he could be a blade warlock?,neither,0.04517852677004045,0.33219974675378,0.6226217264761794
Episode 26: Horse Brutality,neither,0.03945320844208391,0.33037608806864915,0.630170703489267
THE STRESSSSSS,neither,0.03613032604487659,0.2619290779399786,0.7019405960151449
prob a hexblade like fjord,neither,0.05374066111310745,0.35059868741263056,0.595660651474262
Grats @Ghroznak,neither,0.03945320844208391,0.33037608806864915,0.630170703489267
@Gatorain it's live though...,neither,0.04342974219858371,0.3290083757634375,0.6275618820379788
advantage due to high ground,neither,0.04147375970794594,0.3870693093819584,0.5714569309100955
Can't breath. monkaS,neither,0.03982433299974879,0.3240771357671611,0.6360985312330901
What's up with the slow pan lol,neither,0.02578518509161165,0.43321903416482405,0.5409957807435642
That Barbarian is in a position to do some damage. Home Caleb still has that..restraining hand spell.,neither,0.03859750746375444,0.3763011732600885,0.585101319276157
how much ki does she have right now?,offensive_language,0.026695224764898322,0.5001029734731758,0.4732018017619258
Lorenzo - Wizard 9 Fighter ?,neither,0.03945320844208391,0.33037608806864915,0.630170703489267
@andrew338 that’s my question...how the heck does he come of cold without using an item,neither,0.025700865036029086,0.47673482225181474,0.4975643127121561
Is this an Old Spice commercial?,neither,0.046159057237436504,0.32509607799537427,0.6287448647671892
Lorenzo is Fjord's brother which is why he talks like him and hes a blade warlock gandsHype,neither,0.05004555298994053,0.3214325824586857,0.6285218645513738
Slows already ended @fiverblock,neither,0.03821794651894837,0.3513417066809887,0.610440346800063
#PommelHorse,neither,0.03945320844208391,0.33037608806864915,0.630170703489267
Did the druid die or just pass out?,neither,0.14782750894666613,0.16674255741114732,0.6854299336421864
"@fiverblock new studio, new setup",neither,0.04448936375341606,0.20233616638344082,0.7531744698631431
how many key points does Beau get?,neither,0.0280972951580671,0.43869489342473594,0.533207811417197
I so love these people gandsLessthanthree,offensive_language,0.10979543348136664,0.5470275573487225,0.3431770091699108
jeez,neither,0.03945320844208391,0.33037608806864915,0.630170703489267
:O,neither,0.03945320844208391,0.33037608806864915,0.630170703489267
SURRENDER OH GOD,neither,0.04441447604646756,0.28300978232753726,0.6725757416259951
dual cast PogChamp,neither,0.03945320844208391,0.33037608806864915,0.630170703489267
oh man,neither,0.0497452509521963,0.354443561064239,0.5958111879835646
iom thinking lorenzo has an item for the cone of cold,neither,0.035550077376325206,0.29433203902346405,0.6701178836002107
passed out right now,neither,0.03396928637070458,0.36737719317501805,0.5986535204542773
"I agree with everyone that Lorenzo is a HexBlade, I suspect that his special weapon will be consumed by Fjord eventually",neither,0.058690760466069594,0.44057926766227906,0.5007299718716515
PogChamp,neither,0.03945320844208391,0.33037608806864915,0.630170703489267
YES,neither,0.03945320844208391,0.33037608806864915,0.630170703489267
gandsPencil gandsPencil gandsPencil gandsPencil gandsPencil gandsPencil,neither,0.03945320844208391,0.33037608806864915,0.630170703489267
BOOOMMMMM,neither,0.03945320844208391,0.33037608806864915,0.630170703489267
shit,offensive_language,0.041595751201534026,0.9584042484281707,3.702953810110442e-10
YAS,neither,0.03945320844208391,0.33037608806864915,0.630170703489267
geez lol,neither,0.03067274384572663,0.3948916229673822,0.5744356331868913
YEET,neither,0.03945320844208391,0.33037608806864915,0.630170703489267
WISE AS FUCK,offensive_language,0.15656539831335917,0.8430780295617408,0.00035657212489997907
clutch!,neither,0.03945320844208391,0.33037608806864915,0.630170703489267
Ki points=Level,neither,0.03945320844208391,0.33037608806864915,0.630170703489267
25??,neither,0.03945320844208391,0.33037608806864915,0.630170703489267
WOO,neither,0.03945320844208391,0.33037608806864915,0.630170703489267
POGGERS,neither,0.03945320844208391,0.33037608806864915,0.630170703489267
wise af,neither,0.03945320844208391,0.33037608806864915,0.630170703489267
POGGERS,neither,0.03945320844208391,0.33037608806864915,0.630170703489267
THANK CHRIST,neither,0.03899111210018296,0.33821906896606113,0.6227898189337558
"finally some good rolls, jeez",neither,0.03168512149742421,0.3431655784642726,0.6251493000383033
THAT WAS SO IMPORTANT,neither,0.034766688458315334,0.43305945824207764,0.5321738532996071
ASDDJFKL,neither,0.03945320844208391,0.33037608806864915,0.630170703489267
yeeeeeea boom,neither,0.03945320844208391,0.33037608806864915,0.630170703489267
YES!!! The game is on!,neither,0.04394536372155407,0.27715310603978777,0.6789015302386582
Ain't noone being held today!,neither,0.020332128086534226,0.48173429548698204,0.4979335764264836
!panic,neither,0.03945320844208391,0.33037608806864915,0.630170703489267
Don't. Everything is probably fine.,neither,0.04625238807942057,0.3471450669317018,0.6066025449888778
NEVER GIVE UP! NEVER SURRENDER!,neither,0.03165538328157464,0.4302827007141312,0.5380619160042941
@truthslayer 5 per short rest,neither,0.03945320844208391,0.33037608806864915,0.630170703489267
Beau has 5 Ki at full strength,neither,0.053316730327887675,0.33816411273258284,0.6085191569395295
"if that hold person went off, they'd probably be dead",neither,0.02470597542681002,0.4126986444555061,0.5625953801176838
Thank you!,neither,0.07325166854587051,0.43632638485078484,0.49042194660334476
<3,neither,0.03945320844208391,0.33037608806864915,0.630170703489267
COME ON GUYS! STAB A HOE!,offensive_language,0.013462082694153985,0.9834820496492461,0.003055867656599972
We're bringin it back!,neither,0.05486809941017348,0.3061999860119896,0.6389319145778369
Matt Fucking Mercer!,offensive_language,0.11040509721682133,0.8893604051091775,0.00023449767400117861
Bless she didn’t healing word,neither,0.02699176767149007,0.4540378815055737,0.5189703508229361
we're fine with it!!!,neither,0.041757190720087545,0.34492467992163994,0.6133181293582727
It’s turning around...maybe??,neither,0.03802673365041797,0.33086671816136415,0.631106548188218
BONUS episode,neither,0.03945320844208391,0.33037608806864915,0.630170703489267
Matt fucked them by having Dispel Magic dispel all instances of Slow.,offensive_language,0.05321069903054781,0.6680577354332263,0.27873156553622597
I believe,neither,0.03945320844208391,0.33037608806864915,0.630170703489267
<3,neither,0.03945320844208391,0.33037608806864915,0.630170703489267
ty kind lord dm,neither,0.03945320844208391,0.33037608806864915,0.630170703489267
whoooooooooooooooooo long stream!!!!!!!!!,neither,0.03920646557911316,0.32830989510117986,0.632483639319707
Was slow dispelled ?,neither,0.039277463744640244,0.33335893424137975,0.6273636020139799
Bonus episode!!,neither,0.03945320844208391,0.33037608806864915,0.630170703489267
Yeessss Bonus episode!,neither,0.03945320844208391,0.33037608806864915,0.630170703489267
Matt wants to see how they bullshit their way out just as bad as we do,neither,0.03913521515180611,0.4722120722786303,0.48865271256956355
24 hour stream POGGERS,neither,0.03945320844208391,0.33037608806864915,0.630170703489267
yay,neither,0.03945320844208391,0.33037608806864915,0.630170703489267
We love you Matt!,neither,0.054016701715747274,0.4030239041055505,0.5429593941787022
so close to tpk,neither,0.04937099206157762,0.38903664237669217,0.5615923655617302
"i mean, this is keeping me from going to the gym so, win/win",neither,0.04206513802785443,0.3704872047915115,0.5874476571806341
"that's not what they meant when they said ""hold me"" BibleThump",neither,0.027704134989176926,0.4216807789540424,0.5506150860567806
BONUS EPISODE!!! 6+ hour stream confirmed.,neither,0.03945320844208391,0.33037608806864915,0.630170703489267
I'm not complaining Matt. =),neither,0.03818664508188023,0.3351319768443286,0.6266813780737912
Thank u Matt,neither,0.03900255705981818,0.338024818132087,0.6229726248080948
@Preacher_of_the_Bibble Bladesinger doesnt have to be an elf as far as I know. I have played a human Bladesinger,neither,0.10064078789167259,0.2859619865748312,0.6133972255334961
thank you Matt Mercer,neither,0.057780898325302935,0.39134854824816984,0.5508705534265272
#24hourepisode,neither,0.03945320844208391,0.33037608806864915,0.630170703489267
"I wanna see Lorenzo burn, please",neither,0.04534208351880246,0.23042650927745917,0.7242314072037385
Yay!,neither,0.03945320844208391,0.33037608806864915,0.630170703489267
"If I'm tired for work tomorrow because Crit Role runs late, I'm completely fine with that.",neither,0.021953543997373762,0.38088844562617574,0.5971580103764506
i'm so glad i don't work tomorrow,neither,0.03941179416958033,0.374210055701889,0.5863781501285308
that bard is gonna troll them hard,offensive_language,0.045897304042824744,0.5614459107832119,0.3926567851739634
yeet yeet,neither,0.03945320844208391,0.33037608806864915,0.630170703489267
"its your new set, do as you wish",neither,0.08384762613887425,0.31308426791181954,0.6030681059493062
Oh Matt. I do a serious disappoint ;P </sarcasm>,neither,0.04447290039486259,0.2927487361146301,0.6627783634905072
You can't dispel Slow on 6 different characters with one Dispel Magic.,neither,0.03852540072275775,0.4169271990207909,0.5445474002564514
You good Matt!!! #LetsDoThis gandsLHMercer,neither,0.059661727311259925,0.38992899750723836,0.5504092751815017
Yayyy! Long episode,neither,0.03918287046989193,0.3281123126943268,0.6327048168357812
finally something goes in their favor. and what an important one too!,neither,0.041678735845474074,0.32162564328703597,0.63669562086749
what's happening to the music?,neither,0.05050441787044709,0.3082143386241334,0.6412812435054196
okokok,neither,0.03945320844208391,0.33037608806864915,0.630170703489267
the interpretation of Dispel Magic is very concerning =/,neither,0.044966540985036794,0.31571697144818733,0.639316487566776
head of the snake seems like best bet at this point to me..,neither,0.04202788813574566,0.37910490133056207,0.5788672105336923
#BurnLorenzo,neither,0.03945320844208391,0.33037608806864915,0.630170703489267
!uptime,neither,0.03945320844208391,0.33037608806864915,0.630170703489267
"Samurai_NazoSan in the rules it is exclusively elves, but most people nix that requirement",neither,0.05301527442705434,0.34677567957326194,0.6002090459996838
REMEMBER NOT TO SPOIL THIS AFTER THE SESSION,neither,0.04250476689774064,0.3204313040454565,0.6370639290568029
bladesingers have to be elf according to SCAG,neither,0.050709248335572485,0.3339941395725344,0.6152966120918932
puppFire hep.,neither,0.03945320844208391,0.33037608806864915,0.630170703489267
they should make sure the druid is fully dead so it cant get brought back up,offensive_language,0.04381863146758557,0.4852110683333541,0.47097030019906044
this is great battle music,neither,0.044816320565742696,0.3066306274837939,0.6485530519504635
:O,neither,0.03945320844208391,0.33037608806864915,0.630170703489267
"""Is it Thursday yet?"" Has been replaced by ""Is it August yet?""",neither,0.046990364194159764,0.35057311419476284,0.6024365216110775
gandsTwenty gandsTwenty gandsMolly gandsTwenty gandsTwenty,neither,0.03945320844208391,0.33037608806864915,0.630170703489267
gandsTwenty gandsMolly gandsTwenty gandsMolly gandsTwenty gandsMolly,neither,0.03945320844208391,0.33037608806864915,0.630170703489267
Damn got here for the replay and it’s still going on. Oh well f’ it I’m hooked,offensive_language,0.05707423436695251,0.5388087287903988,0.40411703684264877
"I'm ALREADY late for work. I work from home, though, so it's fine :)",neither,0.03487649841507451,0.3376547047639238,0.6274687968210018
gandsTwenty gandsTwenty gandsTwenty gandsTwenty gandsTwenty,neither,0.03945320844208391,0.33037608806864915,0.630170703489267
bah gawd,neither,0.03945320844208391,0.33037608806864915,0.630170703489267
"would dispel magic, if it WAS an aoe, also dispel the illusion on the cages?",neither,0.02492952329126854,0.3478892749206895,0.627181201788042
this may not end until dawn,neither,0.03946303928800019,0.315994267774002,0.6445426929379978
@manitilde for some the twitch is a bit wonky for the soundtrack,neither,0.030970884783502274,0.2853446008302352,0.6836845143862624
gandsTwenty gandsTwenty gandsTwenty gandsTwenty gandsTwenty gandsTwenty gandsTwenty gandsTwenty,neither,0.03945320844208391,0.33037608806864915,0.630170703489267
gandsTwenty gandsTwenty gandsTwenty gandsTwenty gandsTwenty gandsTwenty gandsTwenty gandsTwenty gandsTwenty gandsTwenty gandsTwenty gandsTwenty gandsTwenty,neither,0.03945320844208391,0.33037608806864915,0.630170703489267
gandsTwenty,neither,0.03945320844208391,0.33037608806864915,0.630170703489267
gandsTwenty gandsTwenty gandsTwenty gandsTwenty gandsTwenty gandsTwenty,neither,0.03945320844208391,0.33037608806864915,0.630170703489267
gandsTwenty gandsTwenty gandsTwenty,neither,0.03945320844208391,0.33037608806864915,0.630170703489267
Jester/Fjord are no longer silenced. Where are all their actions?,neither,0.08734515020622861,0.29772017397560907,0.6149346758181623
"@Samurai_NazoSan I mean, I guess that was homebrew cause every campaign I've been in is elves are the only bladesingers, not that it matters much",neither,0.03133972041776705,0.3548399320382155,0.6138203475440174
gandsTwenty gandsTwenty gandsTwenty gandsTwenty gandsTwenty gandsTwenty gandsTwenty gandsTwenty gandsTwenty gandsTwenty gandsTwenty,neither,0.03945320844208391,0.33037608806864915,0.630170703489267
22 or 20 too,neither,0.0392097671125753,0.3345079227616532,0.6262823101257716
No Folly Molly!!!,neither,0.038307686198514074,0.34981859011685756,0.6118737236846283
Lorenzo is flanked by Beau!,neither,0.06194911991640842,0.42401362184011937,0.5140372582434724
gandsTwenty gandsTwenty gandsTwenty gandsTwenty,neither,0.03945320844208391,0.33037608806864915,0.630170703489267
gandsTwenty,neither,0.03945320844208391,0.33037608806864915,0.630170703489267
MOLLY! MOLLY! MOLLY!,neither,0.03945320844208391,0.33037608806864915,0.630170703489267
vieD20 vieHype vieD20,neither,0.03945320844208391,0.33037608806864915,0.630170703489267
"It's fine, Matt lets them off easy too often so who cares if he lets dispel do that.",neither,0.03570733757535061,0.4345884166108509,0.5297042458137984
gandsTwenty gandsTwenty gandsTwenty,neither,0.03945320844208391,0.33037608806864915,0.630170703489267
"Choose one object, creature, or {{""""""magic effect""""""}} within range. Any spell of 3rd level or lower on the target ends. If the spell is 4th level or higher, make a check using your spellcasting ability. The DC equals 10 + the spell's level. On a successful check, the spell ends.",neither,0.03876166316150126,0.3476163988226067,0.613621938015892
woop woop ass,offensive_language,0.19807820542404952,0.8019217940132747,5.626757984447914e-10
3v7 so far XD,neither,0.03940909112290231,0.39994910071364764,0.56064180816345
LIGHT HIS ASS ON FIRE GODDAMN IT,offensive_language,0.14229335422832964,0.8449151779417771,0.01279146782989325
"Hope Ashly's cool with staying, but I'm gandsHype",neither,0.05319727521303592,0.2669676105847749,0.6798351142021891
"@Andrew338 For lore reasons, not mechanical reasons. They aren't in faerun, so the lore doesn't matter.",neither,0.03507457812012971,0.3306792599078422,0.6342461619720282
The Sleeper Has Awakened!!,neither,0.038508768161739496,0.2845741234423803,0.6769171083958802
<3 !,neither,0.03945320844208391,0.33037608806864915,0.630170703489267
Glad they went for Lorenzo. Hope Caleb does that cat's paw spell on the Barbarian though.,neither,0.03867883371460124,0.3478700022540022,0.6134511640313965
KEG DO SOMETHING,neither,0.04085278238731816,0.32989471041057655,0.6292525072021053
Is it Friday yet?,neither,0.04701774408163808,0.3277742973858669,0.6252079585324951
"also dispell could have been cast on Caleb, ending the spell on everyone",neither,0.03281137510817579,0.39596144375434755,0.5712271811374766
molly gonna die,neither,0.21194950668921128,0.1573453116248438,0.6307051816859449
gandsMolly gandsMolly gandsMolly,neither,0.03945320844208391,0.33037608806864915,0.630170703489267
Yep,neither,0.03945320844208391,0.33037608806864915,0.630170703489267
what is he doing?? Doesnt Molly only have 10HP??,neither,0.055346886447437536,0.3300988436084107,0.6145542699441517
"rip molly, we never knew you",neither,0.048365983835359845,0.4046785634386334,0.5469554527260068
@PDelahanty It's about to be.,neither,0.04667276378285958,0.37852310839145953,0.5748041278256809
Liam looks so worried,neither,0.03941434331084268,0.36882781567149214,0.5917578410176652
Ohh god,neither,0.03945320844208391,0.33037608806864915,0.630170703489267
Molly is shaking.,neither,0.047589917997946846,0.3275775005386686,0.6248325814633845
Want the inside scoop? Join the cast of Critical Role and discuss this episode right here on Talks Machina. Tuesdays 7pm Pacific at twitch.tv/geekandsundry and projectalpha.com,neither,0.04630302093207864,0.22484473131932575,0.7288522477485957
"@angelcorps3 Slow is cast as a cube but does not persist as one. Think of it as a spell that can target multiple people, but those people get individual debuffs.",neither,0.056980891409283814,0.42124595003161186,0.5217731585591044
COUNTERSPELL!!!!!!!!,neither,0.03945320844208391,0.33037608806864915,0.630170703489267
The RAW says you cant cast dispel on the source/person,neither,0.04538293970315751,0.34366442765644883,0.6109526326403937
mlm,neither,0.03945320844208391,0.33037608806864915,0.630170703489267
lol,neither,0.020706217963973744,0.4882283491876925,0.4910654328483337
"@QuestaDay with dispell magic you choose one person, object, or magic effect. so you choose only one",neither,0.04625936939524787,0.4368755439524704,0.5168650866522817
he ded,neither,0.057568607992634975,0.3241453714706532,0.6182860205367118
OH GOD,neither,0.047523175703714664,0.25506489023357065,0.6974119340627147
OH GOD,neither,0.047523175703714664,0.25506489023357065,0.6974119340627147
Nice job molly,neither,0.03945320844208391,0.33037608806864915,0.630170703489267
gandsMolly gandsSpoopy,neither,0.03945320844208391,0.33037608806864915,0.630170703489267
NOOOOOO,neither,0.03945320844208391,0.33037608806864915,0.630170703489267
hes dead,neither,0.03945320844208391,0.33037608806864915,0.630170703489267
ohhhh shit,offensive_language,0.04397788019770114,0.9553125845738988,0.0007095352284001839
OH No,neither,0.04751210705993949,0.26629718932274826,0.6861907036173122
HE'S GONNA DIE,neither,0.30526416889566543,0.11800594077907618,0.5767298903252585
gandsNopeNopeNope,neither,0.03945320844208391,0.33037608806864915,0.630170703489267
damn,offensive_language,0.042479326866149344,0.9516554255713155,0.005865247562535126
#rekt,neither,0.03945320844208391,0.33037608806864915,0.630170703489267
holy shit o.o,offensive_language,0.04257650662097627,0.9573463282193174,7.716515970639687e-05
AAAAAAAAAAAAAAAA,neither,0.03945320844208391,0.33037608806864915,0.630170703489267
RIP,neither,0.03945320844208391,0.33037608806864915,0.630170703489267
LUL,neither,0.03945320844208391,0.33037608806864915,0.630170703489267
omg he's going to kill him,hate_speech,0.4293891872969095,0.1940087210265785,0.376602091676512
wait whyyy,neither,0.03945320844208391,0.33037608806864915,0.630170703489267
idiot,neither,0.03945320844208391,0.33037608806864915,0.630170703489267
oh god,neither,0.047523175703714664,0.25506489023357065,0.6974119340627147
LOL,neither,0.020706217963973744,0.4882283491876925,0.4910654328483337
This is really bad.,neither,0.04591483766864255,0.33046473853586966,0.6236204237954877
rip,neither,0.03945320844208391,0.33037608806864915,0.630170703489267
no MOLLY!,neither,0.038307686198514074,0.34981859011685756,0.6118737236846283
AHHHHH,neither,0.03945320844208391,0.33037608806864915,0.630170703489267
oh snap,neither,0.04610041286253887,0.2676795543969371,0.6862200327405242
gandsSpoopy gandsMolly,neither,0.03945320844208391,0.33037608806864915,0.630170703489267
omfg molly,neither,0.03945320844208391,0.33037608806864915,0.630170703489267
RIP Molly,neither,0.03945320844208391,0.33037608806864915,0.630170703489267
molly is dea,neither,0.04749847434677738,0.32760895220350955,0.6248925734497132
stop hitting yourself,neither,0.03940394974606028,0.4122246348035273,0.5483714154504125
oh shit molly is dead,offensive_language,0.059244146281170404,0.9383018380081082,0.0024540157107214794
RIP,neither,0.03945320844208391,0.33037608806864915,0.630170703489267
MOLLY NOOOOO,neither,0.03945320844208391,0.33037608806864915,0.630170703489267
molly might die,neither,0.20178572982345772,0.12973066548866147,0.6684836046878808
wth whyyyyy nooo,neither,0.03945320844208391,0.33037608806864915,0.630170703489267
fuckfuckfuckfuckfuckfuckfuck,neither,0.03945320844208391,0.33037608806864915,0.630170703489267
nott going well,neither,0.036948072138719784,0.3728947890215119,0.5901571388397683
F,neither,0.03945320844208391,0.33037608806864915,0.630170703489267
gandsLHMercer gandsLHMercer gandsLHMercer gandsLHMercer gandsLHMercer gandsLHMercer,neither,0.03945320844208391,0.33037608806864915,0.630170703489267
Molly!!,neither,0.03945320844208391,0.33037608806864915,0.630170703489267
Meep,neither,0.03945320844208391,0.33037608806864915,0.630170703489267
rip,neither,0.03945320844208391,0.33037608806864915,0.630170703489267
NO,neither,0.036918905254960256,0.37338982715841207,0.5896912675866277
Rip Molly,neither,0.03945320844208391,0.33037608806864915,0.630170703489267
Molly done killed himself lol,neither,0.03268839689239826,0.3847067514535182,0.5826048516540836
GG,neither,0.03945320844208391,0.33037608806864915,0.630170703489267
Molly's dead guys,neither,0.039334825011661245,0.3323853638390558,0.6282798111492831
NO,neither,0.036918905254960256,0.37338982715841207,0.5896912675866277
omfg gandsMolly gandsMolly,neither,0.03945320844208391,0.33037608806864915,0.630170703489267
Haha,neither,0.03186685585600258,0.45913629025701075,0.5089968538869867
MOLLLYYY,neither,0.03945320844208391,0.33037608806864915,0.630170703489267
NOT THAT!,neither,0.028304173764655688,0.4360860198108564,0.535609806424488
the peripat!,neither,0.03613032604487659,0.2619290779399786,0.7019405960151449
OH FUCK,offensive_language,0.2962656353347589,0.7037309200541659,3.4446110751798387e-06
MOLLY NO,neither,0.038307686198514074,0.34981859011685756,0.6118737236846283
wait what,neither,0.04877470361900789,0.3238348708445956,0.6273904255363965
RIP molly,neither,0.03945320844208391,0.33037608806864915,0.630170703489267
"LMAO!!! ""NOT THAT!"" Good call Marisha.",neither,0.03179752861423283,0.40468053040590196,0.5635219409798653
FailFish,neither,0.03945320844208391,0.33037608806864915,0.630170703489267
RIP MOLLY,neither,0.03945320844208391,0.33037608806864915,0.630170703489267
2 death throws first hit,neither,0.03330688590910489,0.3324900902310637,0.6342030238598314
Welp molly is very dead,neither,0.04576356089537609,0.3282056684949481,0.6260307706096758
Nooooooo,neither,0.03945320844208391,0.33037608806864915,0.630170703489267
MOOOOOLLLLLYY,neither,0.03945320844208391,0.33037608806864915,0.630170703489267
DEAD,neither,0.03945320844208391,0.33037608806864915,0.630170703489267
nononononononononono,neither,0.03945320844208391,0.33037608806864915,0.630170703489267
oh fuck!,offensive_language,0.2962656353347589,0.7037309200541659,3.4446110751798387e-06
riparoni,neither,0.03945320844208391,0.33037608806864915,0.630170703489267
-.- molly dies,neither,0.03945320844208391,0.33037608806864915,0.630170703489267
aw geez,neither,0.03945320844208391,0.33037608806864915,0.630170703489267
:O,neither,0.03945320844208391,0.33037608806864915,0.630170703489267
RIPPPP,neither,0.03945320844208391,0.33037608806864915,0.630170703489267
Feck,neither,0.03945320844208391,0.33037608806864915,0.630170703489267
fukkkkkkkkkkkkkkkkkkkkkkkkkkkkkkkkkkkkkk,neither,0.03945320844208391,0.33037608806864915,0.630170703489267
planned psych-out,neither,0.034408292430962426,0.3498894523942272,0.6157022551748103
"well, Molly dies right here",neither,0.07540730671218605,0.3143236048147032,0.6102690884731107
dead,neither,0.03945320844208391,0.33037608806864915,0.630170703489267
first true death?,neither,0.03211586557533054,0.33289973673880374,0.6349843976858658
MOLLLLLLY Maaaaaaaaannnnnn,neither,0.03945320844208391,0.33037608806864915,0.630170703489267
WHY,neither,0.016768318525353994,0.3685911158159394,0.6146405656587067
dead,neither,0.03945320844208391,0.33037608806864915,0.630170703489267
molly is dead,neither,0.04902336134814924,0.32708447363912546,0.6238921650127252
NO!!,neither,0.036918905254960256,0.37338982715841207,0.5896912675866277
dead molli .... but I mean - he was dead in the first place anyways?,neither,0.03717439691223062,0.2959006190405351,0.6669249840472343
Auto crits oh fuck,offensive_language,0.20370840228341966,0.7949853683364113,0.0013062293801690938
MOLLY NO,neither,0.038307686198514074,0.34981859011685756,0.6118737236846283
Do you get XP's for taking yourself out in battle?,neither,0.04205220597356836,0.352892502282631,0.6050552917438006
what,neither,0.057770773616808734,0.3180719994247239,0.6241572269584672
FUCK,offensive_language,0.34803241646388117,0.6519675835059184,3.0200377847433446e-11
gandsNopeNopeNope gandsNopeNopeNope gandsNopeNopeNope gandsNopeNopeNope,neither,0.03945320844208391,0.33037608806864915,0.630170703489267
Molly's vanity claims him again. :(,neither,0.038093988468769595,0.3534455982972545,0.6084604132339758
MOLLY!!!!!!!,neither,0.03945320844208391,0.33037608806864915,0.630170703489267
Molly dead,neither,0.03945320844208391,0.33037608806864915,0.630170703489267
The dispelling of Slow wrong is going to kill the party. That's totally unfair.,neither,0.20783151334708205,0.2639281611703274,0.5282403254825906
Ya played yaself Molly,offensive_language,0.027936775021120307,0.5308971131984248,0.4411661117804548
RIP,neither,0.03945320844208391,0.33037608806864915,0.630170703489267
he has the necklass,neither,0.04820090428049406,0.28959284990253376,0.6622062458169722
for all you rule nazis (me included) this a homebrew game and the raw rules are subject to change,neither,0.05369559951768618,0.3136654137800327,0.6326389867022811
I hate this,hate_speech,0.7290473428295962,0.07804030084261795,0.19291235632778592
:O,neither,0.03945320844208391,0.33037608806864915,0.630170703489267
dead boy,neither,0.03945320844208391,0.33037608806864915,0.630170703489267
is this death save crits,neither,0.04832863255654795,0.32899655132011113,0.6226748161233409
PLS DON'T DIE,neither,0.208907395847364,0.12522529137370395,0.6658673127789322
bye bye mally,neither,0.03945320844208391,0.33037608806864915,0.630170703489267
If molly dies we riot,neither,0.02649397220601515,0.3722703568556628,0.601235670938322
nooooo,neither,0.03945320844208391,0.33037608806864915,0.630170703489267
self harm effects are never worth it,neither,0.053332851191534324,0.32732502197544644,0.6193421268330193
"Dead, so dead",neither,0.03941313242646684,0.37120327599036124,0.5893835915831719
That's a dead molly,neither,0.03516677675995887,0.3770828780063859,0.5877503452336552
!edition,neither,0.03945320844208391,0.33037608806864915,0.630170703489267
"For D&D enthusiasts who are curious, the Critical Role Team is playing a modified version of Dungeons and Dragons 5th Edition, including some house rules and Matt's custom character type the Bloodhunter.",neither,0.04337510410473045,0.29078164125159855,0.6658432546436709
LOL!,neither,0.020706217963973744,0.4882283491876925,0.4910654328483337
DEAD BibleThump,neither,0.03945320844208391,0.33037608806864915,0.630170703489267
NOOOOOOOO,neither,0.03945320844208391,0.33037608806864915,0.630170703489267
...Moss'll fix that,neither,0.03505934041303704,0.37827605560300126,0.5866646039839618
Who cast stupid on the party tonight? Is Wheaton in the studio?,neither,0.09021503515739218,0.2630224201264915,0.6467625447161164
SENTRY PLEASE,neither,0.03945320844208391,0.33037608806864915,0.630170703489267
ryonBye,neither,0.03945320844208391,0.33037608806864915,0.630170703489267
APPARENTLY THEY'RE NOT TAKING PRISONERS,neither,0.05184816481155726,0.31224699614247375,0.635904839045969
NONONONONJONO,neither,0.03945320844208391,0.33037608806864915,0.630170703489267
:((((((,neither,0.03945320844208391,0.33037608806864915,0.630170703489267
"Welp, it's all over now.",neither,0.036774309283548724,0.405533520462653,0.5576921702537981
damn... this might be it,offensive_language,0.04296990289962952,0.8667157232440365,0.09031437385633405
Molly might actually die,neither,0.17133079500256942,0.15103717458798852,0.677632030409442
molly is stable,neither,0.047388254166027176,0.32764686197788234,0.6249648838560905
he dead,neither,0.04842459888147176,0.32729041550802956,0.6242849856104986
is molly gonna die,neither,0.23046487001044857,0.1572659272439072,0.6122692027456442
No way Molly can live. :(,neither,0.043367932768058795,0.33873061621364964,0.6179014510182915
OH NOOOO,neither,0.045551730371242716,0.27262385067210176,0.6818244189566555
Bad design. Extra loss of death save,neither,0.037330885465382435,0.33110605226073564,0.6315630622738819
gandsNopeNopeNope gandsNopeNopeNope gandsNopeNopeNope,neither,0.03945320844208391,0.33037608806864915,0.630170703489267
Oh no. Oh no. Oh no.,neither,0.04751210705993949,0.26629718932274826,0.6861907036173122
maybe Molly is a revenant tiefling?,neither,0.04899425505937141,0.32709448462652263,0.623911260314106
he's wearing the pearl right?,neither,0.04257124530944125,0.3306383639532904,0.6267903907372683
Sentinal,neither,0.03945320844208391,0.33037608806864915,0.630170703489267
Die Molly!,neither,0.247184768192278,0.10350471167787875,0.6493105201298431
Molly is so fucking dead. BibleThump,offensive_language,0.11852198950666083,0.8804363667156654,0.0010416437776738095
FUCK NO DONT LET MOLLY DIE,offensive_language,0.45438345025764343,0.5413233814857906,0.004293168256565933
OH MY GOD,neither,0.030266422441093326,0.38268872444249025,0.5870448531164164
NOOOOOOOOOO MOLLLLLLLLY,neither,0.03945320844208391,0.33037608806864915,0.630170703489267
buh by,neither,0.042841257694558106,0.4528711557106023,0.5042875865948396
Noooooo,neither,0.03945320844208391,0.33037608806864915,0.630170703489267
:(,neither,0.03945320844208391,0.33037608806864915,0.630170703489267
1 down,neither,0.03945320844208391,0.33037608806864915,0.630170703489267
RIP,neither,0.03945320844208391,0.33037608806864915,0.630170703489267
MollyNOOOOO,neither,0.03945320844208391,0.33037608806864915,0.630170703489267
RIP Molly. Because of his own abilities,neither,0.09086755795101392,0.32142173317863676,0.5877107088703493
Riipppppp,neither,0.03945320844208391,0.33037608806864915,0.630170703489267
gandsLHMercer gandsNopeNopeNope gandsLHMercer gandsNopeNopeNope gandsLHMercer gandsNopeNopeNope,neither,0.03945320844208391,0.33037608806864915,0.630170703489267
Dead Molly!,neither,0.03945320844208391,0.33037608806864915,0.630170703489267
goodbye,neither,0.03945320844208391,0.33037608806864915,0.630170703489267
"Oh shit, that boy dead",offensive_language,0.04534730140549026,0.9535834582869208,0.0010692403075889972
Don't know if I can watch this.,neither,0.025075108155854016,0.38677653060590766,0.5881483612382383
CRAP! molly might die!!!!!},neither,0.1581072094970672,0.16150073051758407,0.6803920599853486
Maybe Taliesen will play a character who can actually do stuff in combat lol,neither,0.03663115911979501,0.3904641869680011,0.5729046539122038
nooo...,neither,0.03945320844208391,0.33037608806864915,0.630170703489267
RIP,neither,0.03945320844208391,0.33037608806864915,0.630170703489267
dead,neither,0.03945320844208391,0.33037608806864915,0.630170703489267
fuck matt,offensive_language,0.18066997607062166,0.8191311352282724,0.0001988887011059382
molly is dead,neither,0.04902336134814924,0.32708447363912546,0.6238921650127252
Bye Molly,neither,0.03945320844208391,0.33037608806864915,0.630170703489267
he does have peripath of wound closure,offensive_language,0.02710555203290152,0.4907464194552701,0.4821480285118283
RIP,neither,0.03945320844208391,0.33037608806864915,0.630170703489267
Well that is less than ideal.,neither,0.04301706482255811,0.3787555480211207,0.578227387156321
Oh my god,neither,0.030266422441093326,0.38268872444249025,0.5870448531164164
RIP,neither,0.03945320844208391,0.33037608806864915,0.630170703489267
FIRST PLAYER DEATH???,neither,0.027891721368422426,0.42598484900073746,0.5461234296308403
FUCK,offensive_language,0.34803241646388117,0.6519675835059184,3.0200377847433446e-11
oh shit,offensive_language,0.04652059265363964,0.9534729203614298,6.486984930600159e-06
BibleThump BibleThump,neither,0.03945320844208391,0.33037608806864915,0.630170703489267
no no no,neither,0.036918905254960256,0.37338982715841207,0.5896912675866277
What does the pearl do again?,neither,0.03046855057045331,0.442303162270049,0.5272282871594975
no NONONONONOO,neither,0.036918905254960256,0.37338982715841207,0.5896912675866277
whaaaaaaat,neither,0.03945320844208391,0.33037608806864915,0.630170703489267
Didn't Molly have that stabilizing necklace?,neither,0.021648704008730712,0.4270296984442312,0.5513215975470381
BibleThump NO,neither,0.036918905254960256,0.37338982715841207,0.5896912675866277
NOOOOOOO,neither,0.03945320844208391,0.33037608806864915,0.630170703489267
NOOOO but Molly has the the locket???,neither,0.03566845618841388,0.3065084094143299,0.6578231343972563
Molly doomed himself.,neither,0.03945320844208391,0.33037608806864915,0.630170703489267
OH FUCK,offensive_language,0.2962656353347589,0.7037309200541659,3.4446110751798387e-06
RIP,neither,0.03945320844208391,0.33037608806864915,0.630170703489267
RIP MOLLY,neither,0.03945320844208391,0.33037608806864915,0.630170703489267
OMG,neither,0.03945320844208391,0.33037608806864915,0.630170703489267
FUCK,offensive_language,0.34803241646388117,0.6519675835059184,3.0200377847433446e-11
SHIT,offensive_language,0.041595751201534026,0.9584042484281707,3.702953810110442e-10
Noooooooo,neither,0.03945320844208391,0.33037608806864915,0.630170703489267
OMG,neither,0.03945320844208391,0.33037608806864915,0.630170703489267
Molly ;-; Not my bea,neither,0.024768524996097444,0.4440145417767863,0.5312169332271163
DED!,neither,0.03945320844208391,0.33037608806864915,0.630170703489267
OH GOODNESS,neither,0.04535734983354261,0.27438591475104485,0.6802567354154126
"""HONK HONK HONK!""",neither,0.03945320844208391,0.33037608806864915,0.630170703489267
:( BibleThump,neither,0.03945320844208391,0.33037608806864915,0.630170703489267
BEAU. SAVE. MOLLY--FUQ!! >x<;;;;,neither,0.03945320844208391,0.33037608806864915,0.630170703489267
Marisha needs a math advisor,neither,0.03945320844208391,0.33037608806864915,0.630170703489267
daaaaaamn,neither,0.03945320844208391,0.33037608806864915,0.630170703489267
No no no no no,neither,0.036918905254960256,0.37338982715841207,0.5896912675866277
OH MY GOD,neither,0.030266422441093326,0.38268872444249025,0.5870448531164164
OH SHIT,offensive_language,0.04652059265363964,0.9534729203614298,6.486984930600159e-06
Oh fuck this is happening,offensive_language,0.21836577031841414,0.7785822531368157,0.0030519765447702884
D:,neither,0.03945320844208391,0.33037608806864915,0.630170703489267
UHHHHHHHHHHHH,neither,0.03945320844208391,0.33037608806864915,0.630170703489267
Oh SHIIIIATT!!,neither,0.051363287716059566,0.22255663153133606,0.7260800807526044
wait what......,neither,0.04877470361900789,0.3238348708445956,0.6273904255363965
nooooo,neither,0.03945320844208391,0.33037608806864915,0.630170703489267
WHAT,neither,0.057770773616808734,0.3180719994247239,0.6241572269584672
NO FUCKING WAY,offensive_language,0.11322479506606906,0.8867497610266576,2.5443907273476924e-05
no no no no no no no no no,neither,0.036918905254960256,0.37338982715841207,0.5896912675866277
@Rokutaa Sick Idoit,neither,0.03945320844208391,0.33037608806864915,0.630170703489267
melee within 5 feet is 2 death save fails,neither,0.044746774041129984,0.32855538811949714,0.6266978378393728
F,neither,0.03945320844208391,0.33037608806864915,0.630170703489267
RIP,neither,0.03945320844208391,0.33037608806864915,0.630170703489267
NOOOOOOO,neither,0.03945320844208391,0.33037608806864915,0.630170703489267
shit not molly firts,offensive_language,0.04168020617300295,0.9580637649762803,0.000256028850716874
OH HOLY,neither,0.04636863936135996,0.2652784876187013,0.6883528730199387
NO,neither,0.036918905254960256,0.37338982715841207,0.5896912675866277
NO,neither,0.036918905254960256,0.37338982715841207,0.5896912675866277
WTF NOOOOOOO,offensive_language,0.04231805002032073,0.5786253524025317,0.3790565975771476
fuck,offensive_language,0.34803241646388117,0.6519675835059184,3.0200377847433446e-11
wait the locket????,neither,0.03794974405781506,0.30234232092877944,0.6597079350134055
NOOOO,neither,0.03945320844208391,0.33037608806864915,0.630170703489267
OMG,neither,0.03945320844208391,0.33037608806864915,0.630170703489267
oh no,neither,0.04751210705993949,0.26629718932274826,0.6861907036173122
RIP,neither,0.03945320844208391,0.33037608806864915,0.630170703489267
"he has come back from the dead once, here is hoping",neither,0.08246103178277579,0.2915934984370644,0.6259454697801599
the death of mollymauk tealeaf,neither,0.03822112576272174,0.30761047133661773,0.6541684029006606
what?,neither,0.057770773616808734,0.3180719994247239,0.6241572269584672
WAAAT THEEE FUUUUUUUU,neither,0.03945320844208391,0.33037608806864915,0.630170703489267
MOLLY NOO,neither,0.03945320844208391,0.33037608806864915,0.630170703489267
Whoa!!,neither,0.03945320844208391,0.33037608806864915,0.630170703489267
OMG OMG OMG OMG,neither,0.03945320844208391,0.33037608806864915,0.630170703489267
gandsMolly gandsMolly gandsMolly gandsMolly gandsMolly gandsMolly gandsMolly gandsMolly gandsMolly gandsMolly gandsMolly gandsMolly gandsMolly gandsMolly gandsMolly,neither,0.03945320844208391,0.33037608806864915,0.630170703489267
"Wait, Molly's character is DONE?!",neither,0.04544164080335603,0.3385406051002272,0.6160177540964167
WHAT THE FUCK HAVE YOU DONE?!,offensive_language,0.23788815934167196,0.7619869968455943,0.0001248438127335888
well shit,offensive_language,0.041953240034603774,0.9580405283419824,6.231623413803114e-06
rip molly,neither,0.03945320844208391,0.33037608806864915,0.630170703489267
OMG MOLLY NOOOOOOOOOOOOOOOO,neither,0.03945320844208391,0.33037608806864915,0.630170703489267
uh shit,offensive_language,0.04253347963482782,0.9573974975911077,6.902277406459757e-05
gandsLHMercer gandsLHMercer gandsLHMercer gandsLHMercer gandsLHMercer gandsLHMercer gandsLHMercer gandsLHMercer gandsLHMercer gandsLHMercer gandsLHMercer gandsLHMercer gandsLHMercer gandsLHMercer,neither,0.03945320844208391,0.33037608806864915,0.630170703489267
oh hell,offensive_language,0.04851296122505437,0.841912910108526,0.10957412866641962
MOLLLYYYYYYY NOOOOOOOO!!!!!!!!!!,neither,0.03945320844208391,0.33037608806864915,0.630170703489267
i mean.... he has to roll,neither,0.053621609641506564,0.31699380069046296,0.6293845896680305
HOLY FUCKING SHIT,offensive_language,0.08174173046671986,0.9182582550959841,1.443729593562825e-08
ILL TEAR OUT YOUR FUCKING THROAT YOU SCUM LORENZO,offensive_language,0.25172586867631785,0.740863430745391,0.007410700578291182
WHAAAAAAAAAAAT,neither,0.03945320844208391,0.33037608806864915,0.630170703489267
oh boi,neither,0.04606641629365861,0.26798463139468376,0.6859489523116575
RIP gandsMolly gandsMolly gandsMolly gandsMolly,neither,0.03945320844208391,0.33037608806864915,0.630170703489267
OH SHIT,offensive_language,0.04652059265363964,0.9534729203614298,6.486984930600159e-06
NOOOOOOOOOOO Really?,neither,0.03945320844208391,0.33037608806864915,0.630170703489267
FFFFFFFF,neither,0.03945320844208391,0.33037608806864915,0.630170703489267
FUUUUUUUUUCCCCCKKKKKKK,neither,0.03945320844208391,0.33037608806864915,0.630170703489267
riipppppp,neither,0.03945320844208391,0.33037608806864915,0.630170703489267
Holy shit,offensive_language,0.04257650662097627,0.9573463282193174,7.716515970639687e-05
molly stabilizes with the necjkace,neither,0.025111013945598146,0.3575053594956777,0.6173836265587241
Flip him off!!!!!!,neither,0.039292938486755226,0.33309628748183007,0.6276107740314149
D:,neither,0.03945320844208391,0.33037608806864915,0.630170703489267
Aaaand rip,neither,0.03945320844208391,0.33037608806864915,0.630170703489267
WELL SHIT,offensive_language,0.041953240034603774,0.9580405283419824,6.231623413803114e-06
noooooooiii,neither,0.03945320844208391,0.33037608806864915,0.630170703489267
wow,neither,0.03945320844208391,0.33037608806864915,0.630170703489267
UNDO THIS,neither,0.03934556506409844,0.33220307711989316,0.6284513578160085
What,neither,0.057770773616808734,0.3180719994247239,0.6241572269584672
MOLLY NOOOOOOOOOOO,neither,0.03945320844208391,0.33037608806864915,0.630170703489267
ohhh crud. No revivify here,neither,0.16019924532073013,0.2735997564217923,0.5662009982574777
Holy shit.,offensive_language,0.04257650662097627,0.9573463282193174,7.716515970639687e-05
"Good riddance, what a horrible fucking class.",offensive_language,0.11131521187456499,0.8770202397256848,0.011664548399750325
"try ""I'll be back""",neither,0.04002627723363183,0.33517489234900966,0.6247988304173586
wow,neither,0.03945320844208391,0.33037608806864915,0.630170703489267
FOOOOOOOOOOOOOOOOOK,neither,0.03945320844208391,0.33037608806864915,0.630170703489267
NOO,neither,0.03945320844208391,0.33037608806864915,0.630170703489267
FUCK,offensive_language,0.34803241646388117,0.6519675835059184,3.0200377847433446e-11
welp ashley's getting the hate now for killing molly,neither,0.10608736841836806,0.28086405809332876,0.6130485734883032
Holy shit,offensive_language,0.04257650662097627,0.9573463282193174,7.716515970639687e-05
WOW OMG,neither,0.03945320844208391,0.33037608806864915,0.630170703489267
NO,neither,0.036918905254960256,0.37338982715841207,0.5896912675866277
RIP,neither,0.03945320844208391,0.33037608806864915,0.630170703489267
DAAAAAAAMN,neither,0.03945320844208391,0.33037608806864915,0.630170703489267
totHYPE totHYPE totHYPE totLikeThis,neither,0.03945320844208391,0.33037608806864915,0.630170703489267
NO MERCY MERCER,neither,0.03848957175417732,0.3467315175537778,0.6147789106920449
MATTHEW,neither,0.03945320844208391,0.33037608806864915,0.630170703489267
YES,neither,0.03945320844208391,0.33037608806864915,0.630170703489267
Holy christ,neither,0.03945320844208391,0.33037608806864915,0.630170703489267
oh shit,offensive_language,0.04652059265363964,0.9534729203614298,6.486984930600159e-06
Wow.,neither,0.03945320844208391,0.33037608806864915,0.630170703489267
well shit,offensive_language,0.041953240034603774,0.9580405283419824,6.231623413803114e-06
OH MY GOD!!!!!,neither,0.030266422441093326,0.38268872444249025,0.5870448531164164
NOOOOO WTF,offensive_language,0.04252505135996266,0.5963948391134588,0.36108010952657843
I CALLED IT,neither,0.03687705213569826,0.3312621463536148,0.6318608015106869
YOU FUCK,offensive_language,0.39540277457088635,0.6045972250427779,3.863357671927309e-10
RIPPPPPPP NO DEATH SAVES,neither,0.03864112251522763,0.3441593056227846,0.6171995718619877
WHATTTT THE FAAAKKK,neither,0.03843498882663835,0.31168514531390124,0.6498798658594604
MOLLY,neither,0.03945320844208391,0.33037608806864915,0.630170703489267
NNNNNNNOOOOOOOOOOOO!!!!!!!!!!!,neither,0.03945320844208391,0.33037608806864915,0.630170703489267
OMG D:,neither,0.03945320844208391,0.33037608806864915,0.630170703489267
NOOOOOO,neither,0.03945320844208391,0.33037608806864915,0.630170703489267
OH MY GOD AAAAA,neither,0.030266422441093326,0.38268872444249025,0.5870448531164164
BibleThump,neither,0.03945320844208391,0.33037608806864915,0.630170703489267
HOLY FUCK???,offensive_language,0.19397613669184155,0.8059762285570093,4.7634751149108454e-05
Aaaaaaaaaaaaaaah,neither,0.03945320844208391,0.33037608806864915,0.630170703489267
Nooooo MOLLY,neither,0.03945320844208391,0.33037608806864915,0.630170703489267
gandsLHMercer gandsNopeNopeNope,neither,0.03945320844208391,0.33037608806864915,0.630170703489267
first death!,neither,0.030613737919560517,0.33341638732059176,0.6359698747598478
OH MY SARENRAE,neither,0.02748693229954249,0.40236076101129065,0.5701523066891669
Ashley fucked them,offensive_language,0.05746366486610793,0.6981132459011848,0.24442308923270717
Holy shit,offensive_language,0.04257650662097627,0.9573463282193174,7.716515970639687e-05
Nooooooooooo,neither,0.03945320844208391,0.33037608806864915,0.630170703489267
TableHere,neither,0.03945320844208391,0.33037608806864915,0.630170703489267
FUCK THIS,offensive_language,0.2741029779328908,0.7258970018877491,2.0179359945144377e-08
HOLY Shit,offensive_language,0.04257650662097627,0.9573463282193174,7.716515970639687e-05
NOOOOOOOO,neither,0.03945320844208391,0.33037608806864915,0.630170703489267
Respect.,neither,0.03945320844208391,0.33037608806864915,0.630170703489267
good,neither,0.037820165765928906,0.33093776632913474,0.6312420679049364
damn,offensive_language,0.042479326866149344,0.9516554255713155,0.005865247562535126
oh fuck,offensive_language,0.2962656353347589,0.7037309200541659,3.4446110751798387e-06
RIP gandsMolly,neither,0.03945320844208391,0.33037608806864915,0.630170703489267
what,neither,0.057770773616808734,0.3180719994247239,0.6241572269584672
noooooooooooooooooooooooo,neither,0.03945320844208391,0.33037608806864915,0.630170703489267
shit,offensive_language,0.041595751201534026,0.9584042484281707,3.702953810110442e-10
WTF,offensive_language,0.04410695246022759,0.7898861884776351,0.16600685906213722
Molly Noooooooooooooo!!!!!!!!!!!!!,neither,0.03945320844208391,0.33037608806864915,0.630170703489267
NOOOOOOOOOO,neither,0.03945320844208391,0.33037608806864915,0.630170703489267
HOLY CRAP,neither,0.03945320844208391,0.33037608806864915,0.630170703489267
NO NO NO NO!!!,neither,0.036918905254960256,0.37338982715841207,0.5896912675866277
datmooLUL,neither,0.03945320844208391,0.33037608806864915,0.630170703489267
Damn......,offensive_language,0.042479326866149344,0.9516554255713155,0.005865247562535126
the sneak attack mattered so muuuuch,neither,0.03846728129300823,0.3570651677792253,0.6044675509277665
HOLY FUCK,offensive_language,0.19397613669184155,0.8059762285570093,4.7634751149108454e-05
noooooooo,neither,0.03945320844208391,0.33037608806864915,0.630170703489267
HOLY SHIT,offensive_language,0.04257650662097627,0.9573463282193174,7.716515970639687e-05
gandsLHMercer gandsLHMercer gandsLHMercer,neither,0.03945320844208391,0.33037608806864915,0.630170703489267
oh my god............,neither,0.030266422441093326,0.38268872444249025,0.5870448531164164
NOOOOOOOOOOOO,neither,0.03945320844208391,0.33037608806864915,0.630170703489267
NOOOOOOOOOOOOOOOOOOOO,neither,0.03945320844208391,0.33037608806864915,0.630170703489267
"LUL gives self disadvantage, but wants to use diplomacy after a member dies. LUL gives self disadvantage, but wants to use diplomacy after a member dies.",neither,0.023155538646859677,0.38680270453710913,0.5900417568160311
D:,neither,0.03945320844208391,0.33037608806864915,0.630170703489267
:(,neither,0.03945320844208391,0.33037608806864915,0.630170703489267
Oh no,neither,0.04751210705993949,0.26629718932274826,0.6861907036173122
oh my gosh oh my gosh OH MY GOSH,neither,0.03236932916326653,0.3691666553057533,0.59846401553098
oh this is a tpk,neither,0.0660503861220027,0.24410967673554362,0.6898399371424537
OH SHIT!!!! WOW!,offensive_language,0.047127688183867804,0.9526344760365723,0.0002378357795599149
fuck!!!!!!!,offensive_language,0.34803241646388117,0.6519675835059184,3.0200377847433446e-11
incoming tpk,neither,0.03945320844208391,0.33037608806864915,0.630170703489267
NONOO,neither,0.03945320844208391,0.33037608806864915,0.630170703489267
gandsNopeNopeNope gandsNopeNopeNope gandsNopeNopeNope gandsNopeNopeNope,neither,0.03945320844208391,0.33037608806864915,0.630170703489267
oh he's piiiiiiiiisssssed,neither,0.061058132712192584,0.23971997076405524,0.6992218965237522
Oh... damn...,offensive_language,0.05096471030591599,0.9063512536062347,0.04268403608784929
SHIT,offensive_language,0.041595751201534026,0.9584042484281707,3.702953810110442e-10
"Well I mean, if not for a poor call on the dispel magic, this likely would have gone different. It happens, though. We all make bad calls sometimes.",neither,0.03212152032847393,0.3708802096189631,0.596998270052563
GG,neither,0.03945320844208391,0.33037608806864915,0.630170703489267
Wait doesn’t he have 3 death saving throws,neither,0.04278483105140281,0.33533616487315776,0.6218790040754394
Nooooooppp,neither,0.03945320844208391,0.33037608806864915,0.630170703489267
the class is crap me thinks?,neither,0.038542836788058095,0.3477228258179195,0.6137343373940223
HOLY FUCK FUCK BALLS SHIT,offensive_language,0.14978909303363655,0.8502109059799976,9.863660700657657e-10
TPK,neither,0.03945320844208391,0.33037608806864915,0.630170703489267
gandsLHMercer gandsLHMercer gandsLHMercer gandsLHMercer gandsLHMercer gandsLHMercer gandsLHMercer gandsLHMercer gandsLHMercer gandsLHMercer gandsLHMercer gandsLHMercer,neither,0.03945320844208391,0.33037608806864915,0.630170703489267
what the fuck,offensive_language,0.29142062242413674,0.7085786605941925,7.169816707264273e-07
rip,neither,0.03945320844208391,0.33037608806864915,0.630170703489267
FUUUUUUCK NOOOOOOOOOOO,neither,0.03945320844208391,0.33037608806864915,0.630170703489267
the 1st death......,neither,0.03845615021913627,0.31208499090387226,0.6494588588769915
oh shit,offensive_language,0.04652059265363964,0.9534729203614298,6.486984930600159e-06
"I mean, he did that to himself",neither,0.04746261506859998,0.36416927243614394,0.588368112495256
.... 3 fails...,neither,0.03945320844208391,0.33037608806864915,0.630170703489267
oh my god,neither,0.030266422441093326,0.38268872444249025,0.5870448531164164
yo holy shit he dead,offensive_language,0.05023297650433688,0.9483879962474239,0.0013790272482393261
that sucks,neither,0.03386352958437558,0.39161700887993156,0.5745194615356929
WHAT ABOUT MOLLYS NECKLACE,neither,0.04753712308015706,0.3758554328400185,0.5766074440798244
oh shit,offensive_language,0.04652059265363964,0.9534729203614298,6.486984930600159e-06
wow...,neither,0.03945320844208391,0.33037608806864915,0.630170703489267
crap,neither,0.03945320844208391,0.33037608806864915,0.630170703489267
:O,neither,0.03945320844208391,0.33037608806864915,0.630170703489267
NOOOOOOOOOOOOO,neither,0.03945320844208391,0.33037608806864915,0.630170703489267
HAHAHHAHAHAHHA poor guy,neither,0.03887600301430372,0.3401727705642077,0.6209512264214887
Who says Matt doesn't kill players?,neither,0.2770590395832861,0.2745284494831002,0.44841251093361373
gandsMolly gandsMolly gandsMolly gandsMolly,neither,0.03945320844208391,0.33037608806864915,0.630170703489267
gandsMolly,neither,0.03945320844208391,0.33037608806864915,0.630170703489267
Well... good job,neither,0.0386510736214942,0.33065197901582544,0.6306969473626803
"Its fine, he died once before",neither,0.035451531965407214,0.38221917183822857,0.5823292961963642
noooooooooooo,neither,0.03945320844208391,0.33037608806864915,0.630170703489267
FUCK!!!!!,offensive_language,0.34803241646388117,0.6519675835059184,3.0200377847433446e-11
TPK\,neither,0.03945320844208391,0.33037608806864915,0.630170703489267
um,neither,0.03945320844208391,0.33037608806864915,0.630170703489267
Always a chance in D&D,neither,0.03728809143171015,0.39782055941898586,0.564891349149304
Hopefully he re-rolls into a better designed class.,neither,0.05448590233508758,0.3111748956344074,0.6343392020305051
omgggggggggg,neither,0.03945320844208391,0.33037608806864915,0.630170703489267
...jenga...,neither,0.03945320844208391,0.33037608806864915,0.630170703489267
FUUUUUUUUUIU,neither,0.03945320844208391,0.33037608806864915,0.630170703489267
TPK inc,neither,0.03945320844208391,0.33037608806864915,0.630170703489267
TPK TPK TPK TPK TPK,neither,0.03945320844208391,0.33037608806864915,0.630170703489267
"""I hope they remember you""",neither,0.14142145227593667,0.23040319489851963,0.6281753528255437
HOLY FUCKING SHIT,offensive_language,0.08174173046671986,0.9182582550959841,1.443729593562825e-08
gandsRage,neither,0.03945320844208391,0.33037608806864915,0.630170703489267
wow,neither,0.03945320844208391,0.33037608806864915,0.630170703489267
this is what happens when you're down a cleric,neither,0.12315407857213873,0.36961348343692535,0.5072324379909359
ooooooooooooooooooooooh my FUCK,offensive_language,0.1556905754185541,0.8443094206081425,3.973303320407573e-09
Fuuuu,neither,0.03945320844208391,0.33037608806864915,0.630170703489267
O shit,offensive_language,0.041595751201534026,0.9584042484281707,3.702953810110442e-10
YESSSSSSSSSSS,neither,0.03945320844208391,0.33037608806864915,0.630170703489267
NOOOOO!!!! TPK?,neither,0.03945320844208391,0.33037608806864915,0.630170703489267
WHAT JUST HAPPENED,neither,0.04011884363733949,0.351915505665118,0.6079656506975426
"So . . . are resurrects still a thing, or . . . ?",neither,0.07080629913796718,0.3461460268537912,0.5830476740082416
Ahhhhhhhh,neither,0.03945320844208391,0.33037608806864915,0.630170703489267
what the fuck!!!!!,offensive_language,0.29142062242413674,0.7085786605941925,7.169816707264273e-07
Molly WTF would you use blood maladict,offensive_language,0.02368820687796029,0.6370049701984376,0.3393068229236022
TPK HOLY FUCK,offensive_language,0.19397613669184155,0.8059762285570093,4.7634751149108454e-05
SAY WHAAAAAAAAAAAAAAAAT???,neither,0.03945320844208391,0.33037608806864915,0.630170703489267
gandsMolly gandsMolly gandsMolly gandsMolly,neither,0.03945320844208391,0.33037608806864915,0.630170703489267
"they're all dead here, man. that cone of cold was waaay too strong",neither,0.07422156838185404,0.392815403064771,0.5329630285533751
hahha,neither,0.03945320844208391,0.33037608806864915,0.630170703489267
lol Sam,neither,0.029540262777559372,0.4042772064154116,0.5661825308070291
well ....shit,offensive_language,0.041953240034603774,0.9580405283419824,6.231623413803114e-06
No I can't emotionally deal with this gandsMolly gandsMolly gandsMolly gandsMolly gandsMolly gandsMolly gandsMolly gandsMolly,neither,0.02999380518339002,0.37016327398140847,0.5998429208352015
Noooooooooo,neither,0.03945320844208391,0.33037608806864915,0.630170703489267
wow,neither,0.03945320844208391,0.33037608806864915,0.630170703489267
D:,neither,0.03945320844208391,0.33037608806864915,0.630170703489267
NECKLACE!,neither,0.03945320844208391,0.33037608806864915,0.630170703489267
gandsLHMercer gandsMatt gandsLessthanthree,neither,0.03945320844208391,0.33037608806864915,0.630170703489267
Shit,offensive_language,0.041595751201534026,0.9584042484281707,3.702953810110442e-10
TPK inc,neither,0.03945320844208391,0.33037608806864915,0.630170703489267
#noMercyMercer!!!,neither,0.03945320844208391,0.33037608806864915,0.630170703489267
FIRST BLOOD,neither,0.030718103187296095,0.3333804913192852,0.6359014054934186
Why do I get the feeling Molly is going to get back up in a few days?,neither,0.03734880044352257,0.38296503114429725,0.5796861684121802
"fuuuuuuuuuuuuuuuuuuuuuuuuuuuuu ... ok, my fault. I never watch live. SO SORRY FOLKS!",neither,0.034944873619826386,0.44012952668222444,0.5249255996979493
IT WAS GOING SO GOOD,neither,0.03472009650829406,0.4246718194005458,0.5406080840911601
gandsLHMercer gandsLHMercer gandsLHMercer gandsLHMercer gandsLHMercer gandsLHMercer gandsLHMercer gandsLHMercer gandsLHMercer gandsLHMercer gandsLHMercer gandsLHMercer gandsLHMercer gandsLHMercer gandsLHMercer gandsLHMercer gandsLHMercer gandsLHMercer gandsLHMercer gandsLHMercer gandsLHMercer,neither,0.03945320844208391,0.33037608806864915,0.630170703489267
noooooooooooooooooooo,neither,0.03945320844208391,0.33037608806864915,0.630170703489267
oh damn,offensive_language,0.05096471030591599,0.9063512536062347,0.04268403608784929
Molly died! I blame Ashley's self disadvantage bs,neither,0.03945320844208391,0.33037608806864915,0.630170703489267
"glad they brought their ""A"" game",neither,0.03883208829776944,0.2927129631668893,0.6684549485353413
you guys have to leave now,neither,0.06771270269223857,0.38970533625008663,0.5425819610576749
gg,neither,0.03945320844208391,0.33037608806864915,0.630170703489267
Better surrender a fucking sap,offensive_language,0.106435642690992,0.8920633822616347,0.0015009750473733508
noooo[ooooooooo,neither,0.03945320844208391,0.33037608806864915,0.630170703489267
Resurrect as person with no memory? :O?,neither,0.02780028583415584,0.40475570043522907,0.5674440137306151
What??????,neither,0.057770773616808734,0.3180719994247239,0.6241572269584672
gandsMolly gandsMolly gandsMolly gandsMolly gandsMolly gandsMolly,neither,0.03945320844208391,0.33037608806864915,0.630170703489267
gandsOne gandsOne gandsOne gandsOne gandsOne gandsOne gandsOne,neither,0.03945320844208391,0.33037608806864915,0.630170703489267
first death,neither,0.030613737919560517,0.33341638732059176,0.6359698747598478
ho lee fuk,offensive_language,0.02545291389081426,0.5922895507487657,0.38225753536041995
molly gone.... 3 vs what... 6 left?,neither,0.043996067289684124,0.3283441808507677,0.6276597518595481
Sweet!,neither,0.03945320844208391,0.33037608806864915,0.630170703489267
gandsLHMercer gandsLHMercer gandsLHMercer gandsLHMercer gandsParty,neither,0.03945320844208391,0.33037608806864915,0.630170703489267
Whelp Fuck,offensive_language,0.34803241646388117,0.6519675835059184,3.0200377847433446e-11
Hahahahahahahaha,neither,0.03945320844208391,0.33037608806864915,0.630170703489267
holy fuuuuuuuuck,neither,0.03945320844208391,0.33037608806864915,0.630170703489267
MOLLY,neither,0.03945320844208391,0.33037608806864915,0.630170703489267
noooooooooioo,neither,0.03945320844208391,0.33037608806864915,0.630170703489267
Noooo :(,neither,0.03945320844208391,0.33037608806864915,0.630170703489267
FUCK THAT,offensive_language,0.2417134452873663,0.7582865504164849,4.296148823097518e-09
THE NECKLACE!,neither,0.03613032604487659,0.2619290779399786,0.7019405960151449
muhahaha,neither,0.03945320844208391,0.33037608806864915,0.630170703489267
"haha, that leaves only 3 of the M9",neither,0.031533340356846885,0.4181388424508516,0.5503278171923016
tpk. tpk. tpk gandsHype,neither,0.03945320844208391,0.33037608806864915,0.630170703489267
AHHHHHHHHHHHHHHHHH,neither,0.03945320844208391,0.33037608806864915,0.630170703489267
gandsMolly gandsPercy gandsGandsEars,neither,0.03945320844208391,0.33037608806864915,0.630170703489267
Oh my God I walk away for ONE MINUTE,neither,0.030301360041139716,0.33867030129397,0.6310283386648903
Ashley can't even process,neither,0.03890904057055819,0.3396120370134179,0.6214789224160239
OMG,neither,0.03945320844208391,0.33037608806864915,0.630170703489267
Well.... FUCK ok then,offensive_language,0.17375171645812681,0.8258427249887041,0.00040555855316890243
SwiftRage,neither,0.03945320844208391,0.33037608806864915,0.630170703489267
awe man. matt got emtional,neither,0.03845659185053253,0.42615350096554794,0.5353899071839197
omg,neither,0.03945320844208391,0.33037608806864915,0.630170703489267
"""I'm gonna give myself disadvantage on everything""",neither,0.035717813216052906,0.3900420481874893,0.574240138596458
necklace from pumat>,neither,0.04228451509352876,0.2823214250720796,0.6753940598343917
That was worth 3 death saving throws?,neither,0.03656749660977866,0.362154896822563,0.6012776065676583
MOLLLYYYYYY,neither,0.03945320844208391,0.33037608806864915,0.630170703489267
HOLY SHIIIIT,neither,0.03945320844208391,0.33037608806864915,0.630170703489267
And that’s a wrap boys no mercy this campaign,neither,0.03585794763732106,0.34131811767976195,0.6228239346829171
THE NECKLACE,neither,0.03613032604487659,0.2619290779399786,0.7019405960151449
gandsMolly gandsMolly gandsMolly gandsNopeNopeNope gandsNopeNopeNope gandsNopeNopeNope gandsNopeNopeNope gandsNopeNopeNope gandsNopeNopeNope,neither,0.03945320844208391,0.33037608806864915,0.630170703489267
always a chance,neither,0.03717824702658859,0.4012413351144649,0.5615804178589465
They could never win this,neither,0.035108130287319544,0.375381945989357,0.5895099237233234
"Good Golly, Dead Molly!",neither,0.03892601332575702,0.3305574146440037,0.6305165720302394
cleric is in the cart so win and mabey rivivify,neither,0.044830172747066674,0.3164570711036171,0.6387127561493163
FIRST DEATH,neither,0.030613737919560517,0.33341638732059176,0.6359698747598478
Welp he can bring in a healer now,neither,0.04464313103787346,0.32447867451494866,0.6308781944471779
ohhhhh man..... im like giddy from this,neither,0.0497826364421313,0.42133568091854573,0.5288816826393229
OH MAN THAT WAS EPIC,neither,0.04058037437262425,0.38630285920819474,0.573116766419181
NECKLACE,neither,0.03945320844208391,0.33037608806864915,0.630170703489267
Necklace?,neither,0.03945320844208391,0.33037608806864915,0.630170703489267
Hollllllllly molllllllly,neither,0.03945320844208391,0.33037608806864915,0.630170703489267
that imposed disadvantage reaaaaally helped eh?,neither,0.035755872592409324,0.3705577185227667,0.5936864088848239
FlipThis gandsLHMercer gandsFjord,neither,0.03945320844208391,0.33037608806864915,0.630170703489267
"What was that about ""We Win!"" ???",neither,0.03883932617752892,0.4024087164191805,0.5587519574032905
"Ohhhh shit, it's going down gandsLHMercer gandsLHMercer gandsLHMercer gandsLHMercer gandsLHMercer gandsLHMercer gandsLHMercer gandsLHMercer gandsLHMercer gandsLHMercer",offensive_language,0.043898700260049967,0.9524348651072557,0.0036664346326944174
OMG,neither,0.03945320844208391,0.33037608806864915,0.630170703489267
he forgot,neither,0.04760549716432473,0.3275721421489592,0.624822360686716
OMG THE NECKLACE,neither,0.03799319295305244,0.3031937689918349,0.6588130380551126
HOW DID THAT EVEN HAPPEN,neither,0.03475454487774762,0.3871989304167475,0.578046524705505
"I have never before wanted to beat up Matt, this is an odd experience I usually root for him",neither,0.0377689324513442,0.3875277669167283,0.5747033006319274
gandsMolly gandsMolly gandsMolly gandsMolly gandsMolly gandsMolly gandsMolly gandsMolly,neither,0.03945320844208391,0.33037608806864915,0.630170703489267
MOLLY WAS MY FAVORITE NOOOOO,neither,0.030200485270171443,0.40174266852746626,0.5680568462023623
Dnd! gandsMolly gandsMolly gandsMolly,neither,0.03945320844208391,0.33037608806864915,0.630170703489267
Now its looking like a TPK. They really needed everyman.,neither,0.04244846371351368,0.3462750033915215,0.6112765328949648
Necklace...,neither,0.03945320844208391,0.33037608806864915,0.630170703489267
NECKLACE,neither,0.03945320844208391,0.33037608806864915,0.630170703489267
wow!!,neither,0.03945320844208391,0.33037608806864915,0.630170703489267
damn molly is gone,offensive_language,0.05476471071242309,0.807690595092232,0.13754469419534493
Why do the good die young!! gandsMolly BibleThump,neither,0.14579787998186733,0.1798667280792036,0.6743353919389291
When your three strongest characters have to leave the campaign ends,neither,0.05227135127707502,0.34778390861366887,0.5999447401092561
Molly was my favorite character damn it@,offensive_language,0.03368459136406793,0.7576152216993314,0.20870018693660078
oh gosh I'm actually crying for Molly,neither,0.03841804104730554,0.2740465523389115,0.6875354066137829
"dammit, i missed the start of the rb. oh, well. bidet from NC, all!",neither,0.04274302125901964,0.31106312188273105,0.6461938568582494
NECKLACE?!,neither,0.03945320844208391,0.33037608806864915,0.630170703489267
I'm so happy!! Player death for all the emotional damage yeeeeeeesssssss,neither,0.032318697516816194,0.42902147385952716,0.5386598286236566
doesn't Molly have that amulet that puts him back to 1?,neither,0.037885607190863854,0.394415169518742,0.5676992232903942
necklace.....,neither,0.03945320844208391,0.33037608806864915,0.630170703489267
gandsMolly,neither,0.03945320844208391,0.33037608806864915,0.630170703489267
holy shit the music timing is so fucking godlike PogChamp,offensive_language,0.07583227184907397,0.9241354663579142,3.226179301176397e-05
WHAT,neither,0.057770773616808734,0.3180719994247239,0.6241572269584672
OMG,neither,0.03945320844208391,0.33037608806864915,0.630170703489267
NECKLACE!!!!,neither,0.03945320844208391,0.33037608806864915,0.630170703489267
MOLLY THE Necklace,neither,0.0381955476471936,0.307118819326112,0.6546856330266944
He needs to light Lorenzo on fucking fire,offensive_language,0.12272331940453868,0.873481322614771,0.0037953579806902795
Necklace already happened.,neither,0.03816963379549704,0.3521616996841187,0.6096686665203843
NECKLACE,neither,0.03945320844208391,0.33037608806864915,0.630170703489267
lol oh shit his next character better be tanky,offensive_language,0.06429802569958293,0.9300303649437117,0.005671609356705381
THE NECKLACE,neither,0.03613032604487659,0.2619290779399786,0.7019405960151449
This music making all the much worse,neither,0.04440138997947045,0.24393992329842118,0.7116586867221084
Necklace!,neither,0.03945320844208391,0.33037608806864915,0.630170703489267
they are out numbered out leveled out geared and the DM is twisting rules and metaing to his advantage,neither,0.06820802027382553,0.2779983652301143,0.6537936144960602
The necklace doesn’t make you immortal,neither,0.06357364638448622,0.3715899553418468,0.564836398273667
NECKLACE,neither,0.03945320844208391,0.33037608806864915,0.630170703489267
"It's cool, Molly's only mostly dead",neither,0.03835504016514402,0.3307537984962568,0.6308911613385992
he does have it,offensive_language,0.02577252894507497,0.49142051871761355,0.48280695233731136
necklace?!?!,neither,0.03945320844208391,0.33037608806864915,0.630170703489267
"taliesin knows, he's gonna surprise everyone",neither,0.037673931579981376,0.4483044865436087,0.51402158187641
Respect for the blood spit,neither,0.033728805095537655,0.2924803834948351,0.6737908114096274
Amulet?,neither,0.03945320844208391,0.33037608806864915,0.630170703489267
Kappa So everyone join us next week for campaign #3,neither,0.0499504075558817,0.3995639987695639,0.5504855936745545
NECKLACE!!!!!!,neither,0.03945320844208391,0.33037608806864915,0.630170703489267
so glad somebody finally died,neither,0.039414920704758265,0.3677799299181405,0.5928051493771013
"Even with the necklace, that's a coup de grace :(",neither,0.027010880924370942,0.39154053503351727,0.5814485840421119
THEY NEED TO GTFO,neither,0.04714583132699248,0.3240714431401771,0.6287827255328303
I think the necklace already got used...,neither,0.036565287055343475,0.3703596702388509,0.5930750427058056
WAIT NECKLACE,neither,0.03945320844208391,0.33037608806864915,0.630170703489267
necklace,neither,0.03945320844208391,0.33037608806864915,0.630170703489267
OH SHIT THE NECKLACE,offensive_language,0.04654748703425879,0.9534350277652393,1.7485200501972e-05
"Guys don't be rude, they are the players and made the decision they thought was best",neither,0.05263040234329862,0.21749697150277683,0.7298726261539245
OMG THE NECKLACE,neither,0.03799319295305244,0.3031937689918349,0.6588130380551126
"two party members literally did nothing lol what did they expect to happen like holy shit, i know people dont like to talk about optimization but you have to do fucking damage",offensive_language,0.09515312259345633,0.9002235873170759,0.004623290089467736
the necklace prevents bleeding out but not being stabbed to death,neither,0.033856882660519796,0.3560231845971985,0.6101199327422818
@v1deogamer1988 hits against unconcious characters count for 2 death saves,neither,0.03654279080402626,0.2974371097504293,0.6660200994455444
@GeekandSundry someone remind him of necklace please,neither,0.03932733140341878,0.33251254992768936,0.6281601186688918
Necklace,neither,0.03945320844208391,0.33037608806864915,0.630170703489267
@AFlyingBrickington It stabalized does not save his life.,offensive_language,0.03895239899040666,0.49292657221562136,0.46812102879397205
"the necklace stabalize, he was just coup de grace'd the necklace doesnt make you invincible",neither,0.04883332365430602,0.35061056136803886,0.6005561149776552
"Molly, I welcome you yo STO-VO-KOR. Qapla'!",neither,0.05775643456914915,0.46358145004919055,0.47866211538166037
pearl necklace save right?,neither,0.03855861277410407,0.34783274217892246,0.6136086450469735
1st perma-death...?,neither,0.03945320844208391,0.33037608806864915,0.630170703489267
He just realised.,neither,0.039963511148688714,0.35120279730934356,0.6088336915419678
THE NECKLACE ALREADY HAPPENED,neither,0.03725113470312563,0.3324348483712703,0.6303140169256042
TECHNICALLY Molly was on his second life already so he got to live 2 lives.,neither,0.0584988934436819,0.42649637798093065,0.5150047285753875
NECKLACE!!!!!!!,neither,0.03945320844208391,0.33037608806864915,0.630170703489267
NECKLACE!!!,neither,0.03945320844208391,0.33037608806864915,0.630170703489267
BRING. THAT. BOI. BACK. he was my favorite pls no no no no no no no no no no no no no no no no,neither,0.03504574853043286,0.3943407355203229,0.5706135159492441
"Yeah, they needed to play this smartly - the cage and the Keg stuff didn't help out",neither,0.024320373375628805,0.37952418121696424,0.596155445407407
it just stabilizes him,neither,0.03017670908034632,0.3694814953426303,0.6003417955770234
You're right! Necklace! Necklace!,neither,0.1303562706939366,0.3898959974759488,0.47974773183011454
@robszombie still live,neither,0.04518993418897925,0.3506604034365893,0.6041496623744314
WHAT DOES NECKLACE DO?,offensive_language,0.028441300396445685,0.48765249186388254,0.48390620773967186
t p k,neither,0.03945320844208391,0.33037608806864915,0.630170703489267
NNNNEEEEECCCCCCKKKKKKLLLLLAAAAACCCCEEEEEE,neither,0.03945320844208391,0.33037608806864915,0.630170703489267
"Molly's necklace doesn't auto revive him, it just stablizes him on his turn",neither,0.04648057002830938,0.35374665858679744,0.5997727713848932
"THIS IS SO SAD, ALEXA PLAY DESPACITO",neither,0.04618761174799399,0.36721705140042654,0.5865953368515794
The necklace already got used,neither,0.03568397836904095,0.38454928051930937,0.5797667411116496
OMG,neither,0.03945320844208391,0.33037608806864915,0.630170703489267
:o,neither,0.03945320844208391,0.33037608806864915,0.630170703489267
"Guys it's done, too much would need to be rolled back if he remembered the necklace",neither,0.029707579283584803,0.36248842022563565,0.6078040004907797
"Necklace doesnt matter, hits are Criticals and 2 failed saves, he failed 4.",neither,0.054244636827746155,0.2862146842936943,0.6595406788785596
This is brutal,neither,0.048827387017930185,0.3289095995902385,0.6222630133918313
The necklace wouldn’t help,neither,0.03839376700001481,0.31090458794245346,0.6507016450575318
wait molly has a necklace for that no?? the amulet!,neither,0.030353953170271546,0.33433808089511746,0.6353079659346109
necklace only stabalized,neither,0.03945320844208391,0.33037608806864915,0.630170703489267
<3 gandsMolly <3,neither,0.03945320844208391,0.33037608806864915,0.630170703489267
Laura is probably freaking out right now,neither,0.04024800526723901,0.374476085901113,0.5852759088316479
Byyeee tal,neither,0.03945320844208391,0.33037608806864915,0.630170703489267
@darklingmagus what rules is he twisting?,neither,0.064244873692785,0.31962352981121733,0.6161315964959978
"Man, Matt's going to cop so much shit about dispel magic :\",offensive_language,0.048032003052740656,0.9373518927758651,0.01461610417139421
New Studio Fresh Blood Gotta Love It!,neither,0.037734209943624544,0.295696842923442,0.6665689471329334
tee pee kay?,neither,0.03945320844208391,0.33037608806864915,0.630170703489267
TPK,neither,0.03945320844208391,0.33037608806864915,0.630170703489267
tpk?,neither,0.03945320844208391,0.33037608806864915,0.630170703489267
Pretty sure the necklace only activates once initiative gets back to him,neither,0.038970465972032214,0.4054747324621952,0.5555548015657726
wait necklace!! he couldn't have used it!!! he had 4 hp!!,neither,0.04524317911255805,0.33410439342848186,0.6206524274589601
TPK incoming,neither,0.03945320844208391,0.33037608806864915,0.630170703489267
the necklace stabilizes if they get to their turn,neither,0.02528379865348937,0.37619055994912276,0.598525641397388
NECKLACE!!!OMG I FORGOT!,neither,0.03945320844208391,0.33037608806864915,0.630170703489267
gandsMolly gandsMolly gandsMolly,neither,0.03945320844208391,0.33037608806864915,0.630170703489267
TPK,neither,0.03945320844208391,0.33037608806864915,0.630170703489267
I think Molly already used the necklace once.,neither,0.03828898670649558,0.3243784820974119,0.6373325311960925
Cheers Taliesin!,neither,0.03945320844208391,0.33037608806864915,0.630170703489267
"the necklace stabalizes at the start of the turn, lorenzo attacked 2 times killing him",neither,0.037347877906970146,0.3171230943970091,0.6455290276960207
Awww Tal...,neither,0.03945320844208391,0.33037608806864915,0.630170703489267
i feel like Caleb is going to go complete psycho,neither,0.05797073430356843,0.35692564651175845,0.5851036191846732
So I guess Matt doesn't wanna play anymore. Wants to end the show. We had a good run guys! See ya in campaign 3! lol,neither,0.03613312498353948,0.4561805959275267,0.5076862790889337
"the necklace only stops you from bleeding out, the glaive still killed him",neither,0.04461696373218572,0.3460130243843577,0.6093700118834564
tpk incoming,neither,0.03945320844208391,0.33037608806864915,0.630170703489267
hes dead tho,neither,0.035350613260163866,0.33958178532960437,0.6250676014102318
IS THIS A TPK?!?!?!?},neither,0.06444388513749441,0.32581973129223984,0.6097363835702658
:(,neither,0.03945320844208391,0.33037608806864915,0.630170703489267
its always talesin who gets his characters killed,neither,0.05082951586281426,0.4250160635040381,0.5241544206331475
"it happened, it actuially happened. I admire Matt and Talesin for this moment. So intense",neither,0.03450662006275744,0.31738136000076783,0.6481120199364748
The new studio has been christened,neither,0.04198184932446354,0.23070172707506706,0.7273164236004694
:O,neither,0.03945320844208391,0.33037608806864915,0.630170703489267
OH MY GOD IS THIS REALLY ABOUT TO BE A TPK?!?!?!?!,neither,0.04488444605233085,0.3911095170378807,0.5640060369097885
MATT PLS,neither,0.03945320844208391,0.33037608806864915,0.630170703489267
could this be the end of the Mighty Nein?,neither,0.0383447003825242,0.3092070587382089,0.6524482408792669
Welcome to Campaign 3 everybody...,neither,0.04573549611604702,0.32669810938979,0.627566394494163
"necklace is for unconscious not death, right ??",neither,0.03870078033059492,0.3227774446239774,0.6385217750454276
NECKLACE!!!!,neither,0.03945320844208391,0.33037608806864915,0.630170703489267
deflect missile,neither,0.03945320844208391,0.33037608806864915,0.630170703489267
TPK WOOOHOOOO,neither,0.03945320844208391,0.33037608806864915,0.630170703489267
Necklace is for stabilize,neither,0.04464788381825692,0.2629085117209661,0.6924436044607771
Maybe we'll finally get Tal in a decent class,neither,0.039034971639384096,0.3374746581215419,0.623490370239074
this is my first time watching live and molly fuckin DIES,offensive_language,0.06251950997506488,0.8433230750520718,0.09415741497286337
Taliesin was visibly very upset,neither,0.039325611044063576,0.3325417489157274,0.6281326400402091
sooo campaign 3 is next week....,neither,0.04539894022545313,0.33847870523360113,0.6161223545409457
gandsMolly gandsApplaud,neither,0.03945320844208391,0.33037608806864915,0.630170703489267
gandsRage this is fine gandsRage,neither,0.052115553537423503,0.3283153780915982,0.6195690683709782
"It was a 3v7 battle, one picking locks and the other stunned running.",neither,0.03667619228491209,0.3146755433962105,0.6486482643188773
NECKLACE,neither,0.03945320844208391,0.33037608806864915,0.630170703489267
NOTT NEEDED TO ATTACK :((((((,neither,0.04648130663614277,0.32627531899906653,0.6272433743647907
Oh no.,neither,0.04751210705993949,0.26629718932274826,0.6861907036173122
"I know we joke constantly about tpk, but this honestly looks like a tpk",neither,0.04271017294815209,0.3701171704562057,0.5871726565956422
No Molly!!!!,neither,0.038307686198514074,0.34981859011685756,0.6118737236846283
necklace would save if he lives till his turn. he didnt.,neither,0.04642208498349281,0.36065072746214727,0.5929271875543598
THEY NEED TO RUNNNNN,neither,0.05219434949699933,0.320265410848537,0.6275402396544637
Necklace please,neither,0.03945320844208391,0.33037608806864915,0.630170703489267
when was the necklace used?,neither,0.02633773598200685,0.37492441338716503,0.5987378506308281
at least matt can refute claims that these characters never face death,neither,0.038946635659480026,0.4284754651401665,0.5325778992003535
Well that happened,neither,0.034964500951003584,0.3793301153728895,0.5857053836761069
lol they didn't even get a surprise round,neither,0.02275092858782477,0.4250206859660251,0.5522283854461503
Potential TPK incoming,neither,0.03945320844208391,0.33037608806864915,0.630170703489267
TPK,neither,0.03945320844208391,0.33037608806864915,0.630170703489267
"Periapt of Wound Closure Requires Attunement While you wear this pendant, you stabilize whenever you are dying at the start of Your Turn. In addition, whenever you roll a Hit Die to regain Hit Points, double the number of Hit Points it restores.",neither,0.13712987855836012,0.2932759463513004,0.5695941750903395
@LegalWrights No Matt wants people to not get too cocky.,neither,0.06321367997499033,0.34778114508102914,0.5890051749439805
"Neckalce wouldnt work, it takes effect tat the start of your turn",neither,0.05460074034007707,0.31614986021597574,0.6292493994439473
TPK,neither,0.03945320844208391,0.33037608806864915,0.630170703489267
gotta run,neither,0.036977820462524805,0.3723898823296022,0.590632297207873
wait doesn't molly have a pendent to bring him back ?,neither,0.04401543148023182,0.3360021932180804,0.6199823753016878
THIS IS SICK MATT,neither,0.04773903680909636,0.32909819529612727,0.6231627678947764
"I hope they find a way to revive him if they make it outta this. As much as I'd love to see what else Taliesin can come up with, I want to know more about Mollymauk!!",neither,0.043147654211777776,0.3493244796163915,0.6075278661718306
"I won't lie, this feels pretty unbalanced given the party's circumstances put onto them by the DM. I feel like he's aware though, so there'l most likely be a good chance of saving Molly through story.",neither,0.04932794574285022,0.33785464608458354,0.6128174081725662
time for season 3,neither,0.031163582039272313,0.3133573678711563,0.6554790500895714
guys maybe the firbolg knows some reviving magic or something,neither,0.03281969723771933,0.3299348921351128,0.6372454106271678
RIP Molly,neither,0.03945320844208391,0.33037608806864915,0.630170703489267
the necklace only activates at the start of Molly's turn,neither,0.03739697224164534,0.32349080269517694,0.6391122250631778
"aww shit, necklace only works at the start of his turn",offensive_language,0.06879889092278879,0.9145231274577847,0.0166779816194265
MATT IS SCARY,neither,0.04786788248180537,0.32748189580644077,0.6246502217117539
MURDER LORENZO OMFG,neither,0.03945320844208391,0.33037608806864915,0.630170703489267
Negan O_O,neither,0.03945320844208391,0.33037608806864915,0.630170703489267
TPK,neither,0.03945320844208391,0.33037608806864915,0.630170703489267
gandsFacepalm gandsFacepalm gandsFacepalm,neither,0.03945320844208391,0.33037608806864915,0.630170703489267
"I wonder if molly, as a spirit, can enter the body of another dead body for his next character",neither,0.05267610933794884,0.32197855438436507,0.625345336277686
HOLY TITS,neither,0.03945320844208391,0.33037608806864915,0.630170703489267
Molly shouldnt have taken sneak attack damage initially. there was disadvantage on the attack.,neither,0.03743477503407272,0.3145708009085955,0.6479944240573317
I blame Ashley,neither,0.03945320844208391,0.33037608806864915,0.630170703489267
holy shit this is like negan,offensive_language,0.06970588420567528,0.9299745604625219,0.00031955533180283674
and I just bought my Mighty Nine minis too,neither,0.028376181465086327,0.37724720485291124,0.5943766136820023
new campaign imminent,neither,0.043767234745524616,0.22183623207649522,0.7343965331779801
Oil,neither,0.03945320844208391,0.33037608806864915,0.630170703489267
We have a subscriber-only Discord server! Join here: https://discord.gg/geekandsundry (you'll need to sub and link it to your Twitch) and be a part of the fun!...Warning: It can take up to an hour for the server to update and give you access to the channels,neither,0.08464076273808444,0.286394834032893,0.6289644032290227
THIS IS NOT????? THIS IS THE FIRST SHOW IN THE NEW STUDIO??? HELLO???,neither,0.0549919927923473,0.21175349917112887,0.7332545080365239
"Critical Role TPK, it can’t happen. It won’t happen, right?",neither,0.03755576367033458,0.33848263091086905,0.6239616054187963
Taliesin is drinking so much tonight.,neither,0.039985291975396416,0.3476172791007598,0.6123974289238437
@JT_Jag wtf you mean????,offensive_language,0.06929377150660057,0.7552061213796675,0.175500107113732
TPK!,neither,0.03945320844208391,0.33037608806864915,0.630170703489267
NOT BEAU. BEAU IS BAE. PLZ NOT BEAU.,neither,0.04115501117811279,0.38073992613726565,0.5781050626846216
uh oh.. Beau just sealed this with that line I think. He just offered them an out.,neither,0.03571326623855262,0.3698958093162287,0.5943909244452187
gandsLHMercer gandsLHMercer gandsLHMercer gandsLHMercer,neither,0.03945320844208391,0.33037608806864915,0.630170703489267
"Well, guess we arent surrendering to save ourselves",neither,0.04425385396682844,0.33379280742976775,0.6219533386034037
Is everyone going to die!,neither,0.23798917910419323,0.22464955822658728,0.5373612626692196
This might actually be a tpk holy fuck,offensive_language,0.15580825696712944,0.8412001517397455,0.0029915912931249102
hold onto your butts folks,neither,0.061066667104573126,0.32438396335950936,0.6145493695359175
He'll be back.,neither,0.0479919003900608,0.3329734795199967,0.6190346200899425
we crying in the club,neither,0.038351644051278236,0.3158778303790132,0.6457705255697087
I honestly think this may be a tpk,neither,0.0418384889680684,0.30196704933731766,0.656194461694614
Negan vibes,neither,0.03945320844208391,0.33037608806864915,0.630170703489267
"THE AMULET FIXES WOUNDS, NOT BLADES THROUGH THE HEART. MOLLY IS DEAD",neither,0.04218133927099196,0.3130328306285578,0.6447858301004503
Don't you hate it when they forget their items lol,neither,0.15323502452072923,0.3939696710999501,0.4527953043793206
RESPECT everyone please,neither,0.0331688507877848,0.4370380383286625,0.5297931108835526
it's always talisin who gets offed first,neither,0.029848943283991545,0.46354308108913267,0.5066079756268759
Oh shiiiiiiet,neither,0.051363287716059566,0.22255663153133606,0.7260800807526044
WHY BLAME ASHLEY SHE HAS WORK,neither,0.03186195480473832,0.40402223209735083,0.5641158130979108
necklace only stabalizes,neither,0.03945320844208391,0.33037608806864915,0.630170703489267
"I think molly is gone guys, gone for good",neither,0.04004478142523102,0.3050774514496701,0.6548777671250989
I’m so shell shocked I hadn’t even realized I was holding my breath,neither,0.03282217077910813,0.4079325659269768,0.559245263293915
!panic,neither,0.03945320844208391,0.33037608806864915,0.630170703489267
Don't. Everything is probably fine.,neither,0.04625238807942057,0.3471450669317018,0.6066025449888778
"I can almost imagine Laura just giving baby Blam to Travis and running to the studio yelling ""I HAVE REVIVIFY!""",neither,0.042655969875570104,0.3112684649049723,0.6460755652194576
"Guys, the necklace does not help molly here",neither,0.05289293719481715,0.3999039422714512,0.5472031205337315
they need to retreat.,neither,0.05219434949699933,0.320265410848537,0.6275402396544637
FLEEE,neither,0.03945320844208391,0.33037608806864915,0.630170703489267
easy revival coming next episode,neither,0.038802613542154675,0.3414183814378368,0.6197790050200086
"Thanks for the extra episode, Matt!",neither,0.03342270048990829,0.2882900862014514,0.6782872133086403
quick! unlock a rando from a cage!,neither,0.040277047028947285,0.3163933972021946,0.6433295557688581
man if only they had a fighter....,neither,0.024553122414942924,0.4329192290111134,0.5425276485739436
