,text,top_class,hate_speech,offensive_language,neither
0,Bidet! :D,neither,0.039453208442083915,0.33037608806864915,0.6301707034892671
1,ahh,neither,0.039453208442083915,0.33037608806864915,0.6301707034892671
2,TES: Skyrim OST!!!,neither,0.039453208442083915,0.33037608806864915,0.6301707034892671
3,gandsCrit,neither,0.039453208442083915,0.33037608806864915,0.6301707034892671
4,YAY! Good evening Vox Machina,neither,0.038875919390412204,0.33057464424545635,0.6305494363641315
5,gandsSubHype gandsSubHype gandsSubHype gandsSubHype gandsSubHype gandsSubHype gandsSubHype gandsSubHype gandsSubHype gandsSubHype,neither,0.039453208442083915,0.33037608806864915,0.6301707034892671
6,still got that music goin,neither,0.03362563179186807,0.4299010784908896,0.5364732897172424
7,LOOOOT CRAAATE,neither,0.039453208442083915,0.33037608806864915,0.6301707034892671
8,gandsAJinSpace gandsAJinSpace gandsAJinSpace,neither,0.039453208442083915,0.33037608806864915,0.6301707034892671
9,Turn off the background music @geekandsundry,neither,0.038644823292024164,0.31562545125326186,0.645729725454714
10,Oh. My. God.,neither,0.030266422441093326,0.3826887244424903,0.5870448531164164
11,"Man, that Lying Cat shirt is rad.",neither,0.042138415252327636,0.4011587318181173,0.5567028529295551
12,LOL,neither,0.020706217963973744,0.4882283491876925,0.4910654328483337
13,OH,neither,0.051363287716059566,0.22255663153133606,0.7260800807526044
14,gandsapplaud,neither,0.039453208442083915,0.33037608806864915,0.6301707034892671
15,gandsSCANLAN gandsSCANLAN gandsSCANLAN gandsSCANLAN gandsSCANLAN gandsSCANLAN gandsSCANLAN,neither,0.039453208442083915,0.33037608806864915,0.6301707034892671
16,gandsSCANLAN gandsSCANLAN gandsSCANLAN gandsSCANLAN gandsSCANLAN gandsSCANLAN gandsSCANLAN gandsSCANLAN gandsSCANLAN,neither,0.039453208442083915,0.33037608806864915,0.6301707034892671
17,I love your shirt Liam.,neither,0.06355968331742166,0.3348228562959597,0.6016174603866187
18,I dont get the Chris Hardwick reference....,neither,0.03822487269894767,0.32381245321373997,0.6379626740873123
19,Stop complaining,neither,0.039413261163399466,0.429198786044413,0.5313879527921873
20,"Chefchef7, Because they have little else to do with their time.",neither,0.03451175347891213,0.3838161233834096,0.5816721231376784
21,25,neither,0.039453208442083915,0.33037608806864915,0.6301707034892671
22,and see are....live...again? maybe,neither,0.0670659287596935,0.2779822221437689,0.6549518490965376
23,brb,neither,0.039453208442083915,0.33037608806864915,0.6301707034892671
24,gandsLessthanthree @uberbaldy,neither,0.039453208442083915,0.33037608806864915,0.6301707034892671
25,Much better!!,neither,0.033464116335600605,0.3324360114774959,0.6340998721869036
26,good,neither,0.037820165765928906,0.33093776632913474,0.6312420679049364
27,there we go,neither,0.040839336290152066,0.27628362646603744,0.6828770372438104
28,gandsFail gandsFail gandsFail gandsFail,neither,0.039453208442083915,0.33037608806864915,0.6301707034892671
29,SWEET CHRISTMAS WHAT HAPPENED?,neither,0.04431648684026314,0.3268771425789381,0.6288063705807988
30,REFRESH,neither,0.039453208442083915,0.33037608806864915,0.6301707034892671
31,????????????????????,neither,0.039453208442083915,0.33037608806864915,0.6301707034892671
32,clutch move,neither,0.039453208442083915,0.33037608806864915,0.6301707034892671
33,gandsSCANLAN gandsSCANLAN gandsSCANLAN gandsSCANLAN gandsSCANLAN gandsSCANLAN gandsSCANLAN gandsSCANLAN gandsSCANLAN gandsSCANLAN gandsSCANLAN gandsSCANLAN,neither,0.039453208442083915,0.33037608806864915,0.6301707034892671
34,i wanna chat but i wanna knit !!,neither,0.03653584140937975,0.3390219359742462,0.624442222616374
35,So. Much. Chat. Ain't nobody can read that fast.,offensive_language,0.01901897372412216,0.5921654908717354,0.3888155354041424
36,Looking for Spice in all the Bidet places,neither,0.03496490839195976,0.3437767441352461,0.6212583474727942
37,BibleThump BibleThump BibleThump BibleThump BibleThump,neither,0.039453208442083915,0.33037608806864915,0.6301707034892671
38,PANIC,neither,0.039453208442083915,0.33037608806864915,0.6301707034892671
39,Everyone needs a friend like Grog!,neither,0.0430989412940898,0.4489924157925193,0.5079086429133909
40,he can't,neither,0.05292244771790015,0.3159426738227082,0.6311348784593918
41,Matt has to voice Cenokir with that lighting,neither,0.033243977065119584,0.3785884675660294,0.5881675553688511
42,"Well, no I just like having a twitch subscription",neither,0.04317856223536613,0.37362239550203896,0.5831990422625949
43,Alpha is such a joke,neither,0.04715885776992737,0.3240610293589797,0.6287801128710929
44,marisha's hair is bloody incredible right now,neither,0.0448904554202063,0.3424678784791637,0.6126416661006301
45,42,neither,0.039453208442083915,0.33037608806864915,0.6301707034892671
46,42,neither,0.039453208442083915,0.33037608806864915,0.6301707034892671
47,44,neither,0.039453208442083915,0.33037608806864915,0.6301707034892671
48,Baited,neither,0.039453208442083915,0.33037608806864915,0.6301707034892671
49,We love you Denise! gandsLessthanthree gandsLessthanthree gandsLessthanthree,neither,0.0667431826429772,0.4602730207261189,0.472983796630904
50,so what is his relationship to ashley johnson?,neither,0.08110300791980764,0.3541960367705853,0.5647009553096071
51,salt and then water?,neither,0.03869455187612472,0.2921610145699986,0.6691444335538766
52,wait so no critrole this week?,neither,0.03836277139846298,0.3967005444482231,0.5649366841533139
53,gandsSCANLAN,neither,0.039453208442083915,0.33037608806864915,0.6301707034892671
54,came for gandsSCANLAN stay for gandsGandsModAlert gandsMatt,neither,0.02857085510354522,0.276325712890779,0.6951034320056758
55,gandsPitCrew gandsPitCrew gandsPitCrew gandsPitCrew gandsPitCrew,neither,0.039453208442083915,0.33037608806864915,0.6301707034892671
56,still waiting for vax to find larkin.....,neither,0.043096403143568204,0.21790392719021845,0.7389996696662133
57,Bidet from South Carolina,neither,0.04043176250036363,0.31376747187705417,0.6458007656225822
58,hey from Bulgaria it's 5AM here,neither,0.08081693213514655,0.2808765163067616,0.638306551558092
59,Maybe??,neither,0.039453208442083915,0.33037608806864915,0.6301707034892671
60,Woot Woot!!!,neither,0.039453208442083915,0.33037608806864915,0.6301707034892671
61,Oh my gosh!!!!!!!!!,neither,0.032369329163266534,0.3691666553057533,0.59846401553098
62,LARKIN WAS RAISHAN ALL ALONG,neither,0.041644818674596164,0.4266459611400077,0.5317092201853962
63,HYPE!!!!,neither,0.039453208442083915,0.33037608806864915,0.6301707034892671
64,Mercer needs a haircut. #bringbackevilMercer,neither,0.039453208442083915,0.33037608806864915,0.6301707034892671
65,oh dear,neither,0.0461327075271576,0.2673899063118408,0.6864773861610016
66,"stream buffering, *** no",neither,0.038465455673613855,0.34714083037889465,0.6143937139474915
67,LMAO,neither,0.037050151434762084,0.3711622369619404,0.5917876116032975
68,There we go,neither,0.040839336290152066,0.27628362646603744,0.6828770372438104
69,gandsGandsPoo gandsGandsPoo gandsGandsPoo gandsGandsPoo gandsGandsPoo gandsGandsPoo,neither,0.039453208442083915,0.33037608806864915,0.6301707034892671
70,laura super excited,neither,0.039453208442083915,0.33037608806864915,0.6301707034892671
71,i want that sweatshirt,neither,0.03559437740378366,0.3708251853747488,0.5935804372214676
72,Bidet,neither,0.039453208442083915,0.33037608806864915,0.6301707034892671
73,Happy to be here for the series finale of Talks Machina!,neither,0.06811133903687064,0.2762108751516553,0.6556777858114741
74,Bidet from Japan,neither,0.04069404815304118,0.30931579984010865,0.6499901520068502
75,gandsPitCrew gandsPitCrew gandsPitCrew gandsPitCrew gandsPitCrew gandsPitCrew gandsPitCrew gandsPitCrew gandsPitCrew gandsPitCrew gandsPitCrew gandsPitCrew gandsPitCrew gandsPitCrew gandsPitCrew,neither,0.039453208442083915,0.33037608806864915,0.6301707034892671
76,I predict an intentional TPK before critrole moves to alpha. You heard it here First Ladies and gentlemen,neither,0.06761558094120823,0.3422462926785309,0.590138126380261
77,gandsPitCrew gandsPitCrew gandsPitCrew gandsPitCrew gandsPitCrew gandsPitCrew gandsPitCrew gandsPitCrew,neither,0.039453208442083915,0.33037608806864915,0.6301707034892671
78,boo the map wont load on my phone but i bookmarked it ^_^,neither,0.028124122998389216,0.3861494885157888,0.5857263884858218
79,it,neither,0.034373745257138544,0.33212314837979673,0.6335031063630647
80,eh?,neither,0.039453208442083915,0.33037608806864915,0.6301707034892671
81,Bidet from San Francisco!,neither,0.04039184050312168,0.31444505235836057,0.6451631071385178
82,!wallet,neither,0.039453208442083915,0.33037608806864915,0.6301707034892671
83,"Beep beep, y'all",offensive_language,0.046917543854519406,0.6277741405869331,0.3253083155585475
84,OK,neither,0.03935517884257045,0.3320399062092607,0.6286049149481688
85,!wallet,neither,0.039453208442083915,0.33037608806864915,0.6301707034892671
86,!wallet,neither,0.039453208442083915,0.33037608806864915,0.6301707034892671
87,gandsSubHype gandsSubHype gandsSubHype gandsSubHype gandsSubHype,neither,0.039453208442083915,0.33037608806864915,0.6301707034892671
88,gandsSubHype gandsSubHype gandsSubHype,neither,0.039453208442083915,0.33037608806864915,0.6301707034892671
89,HI GROG I LUV U BRUH,neither,0.039453208442083915,0.33037608806864915,0.6301707034892671
90,oooh!,neither,0.039453208442083915,0.33037608806864915,0.6301707034892671
91,Sam Riegel is a goddamn national treasure,neither,0.0452671220962608,0.3283764165624641,0.6263564613412751
92,Sam Riegel is a national treasure,neither,0.046182763637112316,0.32806148544927066,0.6257557509136171
93,Bidet!,neither,0.039453208442083915,0.33037608806864915,0.6301707034892671
94,IT'S JUST COLLAPSING INTO A SINGULARITY,neither,0.030446494583134188,0.36537139451002704,0.6041821109068388
95,huzzah!,neither,0.039453208442083915,0.33037608806864915,0.6301707034892671
96,PogChamp,neither,0.039453208442083915,0.33037608806864915,0.6301707034892671
97,where is Boris,neither,0.050343113247604925,0.2943422893548797,0.6553145973975155
98,Samriegel this is on you BibleThump,offensive_language,0.100181188399106,0.458811249101455,0.4410075624994389
99,!wallet,neither,0.039453208442083915,0.33037608806864915,0.6301707034892671
100,super serious talks machina music,neither,0.039453208442083915,0.33037608806864915,0.6301707034892671
101,LMAO,neither,0.037050151434762084,0.3711622369619404,0.5917876116032975
102,so cute,neither,0.04296880691731001,0.35555683390548976,0.6014743591772002
103,5th wheeling,neither,0.039453208442083915,0.33037608806864915,0.6301707034892671
104,that was amazing guys,neither,0.03513143146709838,0.3789907902248703,0.5858777783080313
105,Applause**,neither,0.039453208442083915,0.33037608806864915,0.6301707034892671
106,TPK,neither,0.039453208442083915,0.33037608806864915,0.6301707034892671
107,TPK TPK TPK,neither,0.039453208442083915,0.33037608806864915,0.6301707034892671
108,#TPK gandsMDK #TPK gandsMDK #TPK gandsMDK,neither,0.039453208442083915,0.33037608806864915,0.6301707034892671
109,Wyvern vs Ashari. Winner?,neither,0.039453208442083915,0.33037608806864915,0.6301707034892671
110,Bidet from WA!,neither,0.04071751644889743,0.3089174816120565,0.6503650019390461
111,Bidet,neither,0.039453208442083915,0.33037608806864915,0.6301707034892671
112,Shop music in Legend of Zelda,neither,0.039453208442083915,0.33037608806864915,0.6301707034892671
113,"Bidet from Miami,Florida!",neither,0.04051422233150356,0.31236791333959896,0.6471178643288975
114,Did everyone see the Gilmore Mini? What did you all think of it?,neither,0.048683230500412636,0.4585459734540782,0.492770796045509
115,bidet from florida!,neither,0.0408948396164547,0.30590784468201904,0.6531973157015263
116,vancouver canada saying hi,neither,0.0321460307021907,0.3328893615684365,0.6349646077293729
117,most of the party will die and Scanlan will run for it and Sam wont be able to play him again for that,neither,0.07777603265294006,0.1913481111061308,0.7308758562409291
118,OH *** BOIS,neither,0.04522550427656808,0.2755841928040748,0.6791903029193572
119,They HAVE to have Pike and Grog tonight.,neither,0.042059055701957206,0.2866502678370596,0.6712906764609832
120,BIDET FROM PENNSYLVANNIA,neither,0.04228451509352876,0.2823214250720796,0.6753940598343917
121,also Bidet,neither,0.039453208442083915,0.33037608806864915,0.6301707034892671
122,I WOULD LIKE TO PANIC,neither,0.059469071796770086,0.3359405510146957,0.6045903771885341
123,hu hahahaaha,neither,0.039453208442083915,0.33037608806864915,0.6301707034892671
124,#backblaze,neither,0.039453208442083915,0.33037608806864915,0.6301707034892671
125,WHERE THE PICKLE???,neither,0.041253817407288125,0.23395106775790875,0.7247951148348031
126,gandsLessthanthree gandsLessthanthree gandsLessthanthree gandsLessthanthree gandsLessthanthree gandsLessthanthree gandsLessthanthree gandsLessthanthree,neither,0.039453208442083915,0.33037608806864915,0.6301707034892671
127,BbqJames -> I can do this all day... [stop spamming emotes] [warning],neither,0.04322325915621336,0.4535315637921504,0.5032451770516363
128,Hoodie,neither,0.039453208442083915,0.33037608806864915,0.6301707034892671
129,gandsSCANLAN gandsSCANLAN gandsSCANLAN gandsSCANLAN,neither,0.039453208442083915,0.33037608806864915,0.6301707034892671
130,OMG,neither,0.039453208442083915,0.33037608806864915,0.6301707034892671
131,lol,neither,0.020706217963973744,0.4882283491876925,0.4910654328483337
132,gandsCrit gandsCrit gandsCrit gandsCrit,neither,0.039453208442083915,0.33037608806864915,0.6301707034892671
133,much hype,neither,0.034703951963577485,0.3320095751516249,0.6332864728847976
134,"Memento Mori, Vox Machina!",neither,0.039453208442083915,0.33037608806864915,0.6301707034892671
135,what did i miss!! ],neither,0.03686804772469507,0.32860615125000875,0.6345258010252961
136,YAY!!!,neither,0.039453208442083915,0.33037608806864915,0.6301707034892671
137,oh dear glenn XD,neither,0.044023648293705066,0.2866212829262434,0.6693550687800516
138,something is happening,neither,0.04784769695530499,0.3274888385346237,0.6246634645100714
139,i love taliesin,neither,0.03217296676969875,0.3657703709031763,0.602056662327125
140,"""CUT THE FEED DENISE""",neither,0.0384212828056843,0.3114258608176501,0.6501528563766656
141,SHOTS FIRED,neither,0.039453208442083915,0.33037608806864915,0.6301707034892671
142,Lawliet,neither,0.039453208442083915,0.33037608806864915,0.6301707034892671
143,Larkin!,neither,0.039453208442083915,0.33037608806864915,0.6301707034892671
144,Look at all these awesome folks here,neither,0.09848537820917937,0.4487169527752657,0.452797669015555
145,medi-okra,neither,0.039453208442083915,0.33037608806864915,0.6301707034892671
146,yaas,neither,0.039453208442083915,0.33037608806864915,0.6301707034892671
147,wooooooo,neither,0.039453208442083915,0.33037608806864915,0.6301707034892671
148,"Poor Gilmore, I had no idea he was a lower level than VM.",neither,0.04195623945830048,0.3445802652917649,0.6134634952499346
149,k,neither,0.039453208442083915,0.33037608806864915,0.6301707034892671
150,come on,neither,0.03146532986595536,0.4061586881471455,0.562375981986899
151,Jamming out to Foo Fighters. Pre-Stream Ritual,neither,0.040423891048420285,0.3370443417205593,0.6225317672310204
152,so close omg,neither,0.039409038997996665,0.38341033954328174,0.5771806214587216
153,"Bidet, Critters!",neither,0.039453208442083915,0.33037608806864915,0.6301707034892671
154,tpk',neither,0.039453208442083915,0.33037608806864915,0.6301707034892671
155,Bidet from Ohio,neither,0.040754399270683486,0.3082914838698526,0.650954116859464
156,LIN!!!!!!!!!!!,neither,0.039453208442083915,0.33037608806864915,0.6301707034892671
157,HYPE IT UP,neither,0.034501699586810604,0.3986292724482924,0.566869027964897
158,Love the GIFs :),neither,0.03528715836971165,0.3269803209123893,0.6377325207178992
159,it's time to kill that stupid dragon!! lol,hate_speech,0.5102903688746216,0.16682850047822825,0.32288113064715
160,spice?,neither,0.039453208442083915,0.33037608806864915,0.6301707034892671
161,😬😬😬😬😬,neither,0.039453208442083915,0.33037608806864915,0.6301707034892671
162,#BigGreenFight,neither,0.039453208442083915,0.33037608806864915,0.6301707034892671
163,HAPPY HALLOWEEN FOLKSSSSSSSS,neither,0.039453208442083915,0.33037608806864915,0.6301707034892671
164,Is there a stream going?? Cant see anything,neither,0.04420359783880582,0.31706880412459965,0.6387275980365945
165,shaking,neither,0.039453208442083915,0.33037608806864915,0.6301707034892671
166,"lol, my icon shows me as 3 month subscriber... I've been subscribed for over an year",neither,0.013926148959234554,0.4131270743464369,0.5729467766943285
167,bidet,neither,0.039453208442083915,0.33037608806864915,0.6301707034892671
168,lionDongers lets give them our energy chat!,neither,0.04891511224342649,0.3344056420698201,0.6166792456867534
169,gandsGandsPoo gandsGandsPoo gandsGandsPoo gandsGandsPoo gandsGandsPoo gandsGandsPoo gandsGandsPoo gandsGandsPoo gandsGandsPoo gandsGandsVaxSigil gandsGandsVaxSigil gandsGandsVaxSigil gandsGandsVaxSigil gandsGandsVaxSigil gandsGandsVaxSigil gandsGandsVaxSigil gandsGandsVaxSigil,neither,0.039453208442083915,0.33037608806864915,0.6301707034892671
170,hello from 40oC Australia!,neither,0.040406835111122384,0.31419055472778,0.6454026101610977
171,BIDET!!,neither,0.039453208442083915,0.33037608806864915,0.6301707034892671
172,Bravi Tutti!,neither,0.039453208442083915,0.33037608806864915,0.6301707034892671
173,still cany believe Vax went all emo and decided to attack green dragon. at least wait and see whats gonna happen I mean FOR REAL,neither,0.03568249657800708,0.3814125967632634,0.5829049066587296
174,READY THINE GLUTES,neither,0.039453208442083915,0.33037608806864915,0.6301707034892671
175,the hype tain is here ALL ABOARD! gandsRaid,neither,0.11790039916591495,0.33427640377586665,0.5478231970582185
176,where is the audio?,neither,0.048908814696473187,0.2795733213583069,0.6715178639452198
177,@sirspasticpants99 Alpha demands HIGH Internet connection...since they stream Very High Quality...too high for my internet...so I am here.,neither,0.040560975289716986,0.4335244031648785,0.5259146215454045
178,beep beep,neither,0.039453208442083915,0.33037608806864915,0.6301707034892671
179,no audio here either,neither,0.08003800156679543,0.3086248823833421,0.6113371160498624
180,#KNOWAUDIO,neither,0.039453208442083915,0.33037608806864915,0.6301707034892671
181,Beep Beep from Ohio!!!,neither,0.040754399270683486,0.3082914838698526,0.650954116859464
182,Bidet!,neither,0.039453208442083915,0.33037608806864915,0.6301707034892671
183,10 more minutes!,neither,0.041508947512634495,0.319672266656705,0.6388187858306605
184,Welcome all new streamer critters!,neither,0.04729553427280963,0.3008625154559738,0.6518419502712166
185,"Lol, ooops.",neither,0.020706217963973744,0.4882283491876925,0.4910654328483337
186,"I like that sign. ""Brian will not let me leave... Please send help""",neither,0.029018788652593937,0.3962684970225154,0.5747127143248907
187,Yay I see liam,neither,0.039453208442083915,0.33037608806864915,0.6301707034892671
188,A lot of butts have been on the couch Laura,neither,0.03608055938604588,0.33899310779398606,0.6249263328199681
189,Hey Brian,neither,0.039453208442083915,0.33037608806864915,0.6301707034892671
190,"@tko552 Not 'far', just right. I've always enjoyed these types of things, shows the effort that goes into it, from everyone.",neither,0.024114305092473847,0.43872809160203424,0.537157603305492
191,"Wait, so, we'll actually get to see Patrick in a fight for once?",neither,0.038908378183648236,0.34245205168604154,0.6186395701303101
192,One day we will find Larken!,neither,0.04516757882692884,0.22369271770677174,0.7311397034662994
193,First time going to watch this live,neither,0.044776812123770916,0.3693844755993629,0.5858387122768662
194,"Hi, @Dragonchrome",neither,0.039453208442083915,0.33037608806864915,0.6301707034892671
195,@IamEquos I agree! But who knows if after their contract they will stay with Geek and Sundry or bounce to another stream more reliable to their schedules,neither,0.045437104677870495,0.3343812548947737,0.6201816404273558
196,bidet everyone :),offensive_language,0.029888967906347413,0.4927062106388782,0.4774048214547744
197,!critmusic,neither,0.039453208442083915,0.33037608806864915,0.6301707034892671
198,"the deck of many things.... please grog, do your job",neither,0.06201245958021564,0.3114855758441024,0.626501964575682
199,^,neither,0.039453208442083915,0.33037608806864915,0.6301707034892671
200,"I hope mercer is on tonight, I have to congratulate home on his death trap",neither,0.08688491358354251,0.26367226303674635,0.6494428233797112
201,Lets wish them all goodluck with this wonderful chant! TPK TPK TPK,neither,0.04020194987636658,0.4084867125742724,0.5513113375493609
202,Bidet,neither,0.039453208442083915,0.33037608806864915,0.6301707034892671
203,Bidet all!,offensive_language,0.046917543854519406,0.6277741405869331,0.3253083155585475
204,"Hello all, i missed the last two episodes WHAT AHPPENED",neither,0.04421171083183401,0.3559129506066109,0.5998753385615551
205,better,neither,0.039453208442083915,0.33037608806864915,0.6301707034892671
206,gandsSubHype gandsSubHype gandsSubHype gandsSubHype,neither,0.039453208442083915,0.33037608806864915,0.6301707034892671
207,ni,neither,0.039453208442083915,0.33037608806864915,0.6301707034892671
208,"That's not spammy, @GeekandSundry .. people are coming in all of the time. No worries.",neither,0.07743508082907484,0.3879782434357477,0.5345866757351776
209,mics!,neither,0.039453208442083915,0.33037608806864915,0.6301707034892671
210,or was that Laura?,neither,0.032715163222535565,0.4057425952095766,0.5615422415678878
211,it flickered!,neither,0.034373745257138544,0.33212314837979673,0.6335031063630647
212,FIX HIM,neither,0.039286977096751115,0.333197467828188,0.6275155550750611
213,#Pray4Scanlan,neither,0.039453208442083915,0.33037608806864915,0.6301707034892671
214,if scanlan dies grog can satisfy his daughter #BadMentalImage,neither,0.040153039092479116,0.3690789449823971,0.5907680159251238
215,Any critter meetups st Portland Wizzard World?,neither,0.039453208442083915,0.33037608806864915,0.6301707034892671
216,3 months of watching back-log. Just finished ep83 this afternoon! First time watching Live!,neither,0.035181723505050624,0.3514711202560985,0.6133471562388509
217,❤️❤️❤️❤️❤️❤️,neither,0.039453208442083915,0.33037608806864915,0.6301707034892671
218,gandsSCANLAN,neither,0.039453208442083915,0.33037608806864915,0.6301707034892671
219,RIP CRIT,neither,0.039453208442083915,0.33037608806864915,0.6301707034892671
220,lol the door one,neither,0.028504626252921845,0.41360747203425535,0.5578879017128228
221,I just finished Ep 83 like 30mins ago :D,neither,0.04300320542918015,0.35530727981479,0.6016895147560298
222,Thx crew and mods for tonight enjoy the love all,neither,0.03200101939748685,0.310883775493544,0.6571152051089693
223,Bidet,neither,0.039453208442083915,0.33037608806864915,0.6301707034892671
224,Bidet from Kansas,neither,0.04071751644889743,0.3089174816120565,0.6503650019390461
225,bidet from england,neither,0.04071751644889743,0.3089174816120565,0.6503650019390461
226,gandsOwl,neither,0.039453208442083915,0.33037608806864915,0.6301707034892671
227,gandsCrit gandsNatTwenty gandsSCANLAN gandsGandsPoo,neither,0.039453208442083915,0.33037608806864915,0.6301707034892671
228,bidet from LA!,neither,0.040941870550227466,0.3051096069949388,0.6539485224548338
229,fix him or I will just gandsDrink gandsDrink,neither,0.03629270283945985,0.3297395921654119,0.6339677049951282
230,I love how this show throws the love back at us!,neither,0.07275939361147872,0.2967614218321727,0.6304791845563485
231,how dare they make us feel our own feelings!,neither,0.09278972438194633,0.31635326890494897,0.5908570067131046
232,"I think I'll hold off on buying another one, then xD",neither,0.06997319251222336,0.30251135321832506,0.6275154542694515
233,@brianwfoster hey brain,neither,0.039453208442083915,0.33037608806864915,0.6301707034892671
234,bidet from Gatesville Tx,neither,0.040817483668844766,0.3072207769958956,0.6519617393352596
235,cheer1,neither,0.039453208442083915,0.33037608806864915,0.6301707034892671
236,"No sound her, either, but they'll get it.",offensive_language,0.027571993096112583,0.5395186359373259,0.4329093709665616
237,yer no sound,neither,0.03860099426174595,0.3448403868107651,0.616558618927489
238,HEEEEYYYY gandsSCANLAN gandsSCANLAN gandsSCANLAN,neither,0.039453208442083915,0.33037608806864915,0.6301707034892671
239,FIX HIM(THE SOUND),neither,0.038460553898424316,0.3168473434466191,0.6446921026549566
240,Woot,neither,0.039453208442083915,0.33037608806864915,0.6301707034892671
241,WOOO WOOOOOOOOOOOOOO,neither,0.039453208442083915,0.33037608806864915,0.6301707034892671
242,woo,neither,0.039453208442083915,0.33037608806864915,0.6301707034892671
243,Hey we on time tonight boiiiiiiiiiisssss!!!!!!,neither,0.032845767642019026,0.3435007771429868,0.623653455214994
244,gandsCrit gandsCrit gandsCrit,neither,0.039453208442083915,0.33037608806864915,0.6301707034892671
245,gandsSCANLAN gandsSCANLAN gandsSCANLAN gandsSCANLAN gandsSCANLAN,neither,0.039453208442083915,0.33037608806864915,0.6301707034892671
246,gandsFail gandsCrit gandsFail gandsCrit,neither,0.039453208442083915,0.33037608806864915,0.6301707034892671
247,dooo dooodoodooo,neither,0.039453208442083915,0.33037608806864915,0.6301707034892671
248,gandsSubHype gandsSubHype gandsSubHype,neither,0.039453208442083915,0.33037608806864915,0.6301707034892671
249,repaeat - ALL the boys,neither,0.0405786760989789,0.4142598504743696,0.5451614734266514
250,!wallet,neither,0.039453208442083915,0.33037608806864915,0.6301707034892671
251,wooooo,neither,0.039453208442083915,0.33037608806864915,0.6301707034892671
252,#damnitterry,neither,0.039453208442083915,0.33037608806864915,0.6301707034892671
253,@BuffaloVal hey are you from the buffalo in NY? if so welcome fellow buffalo critter!,neither,0.046987696414290056,0.3613604567102801,0.5916518468754299
254,lol Percy Meme: They can't kill you if you're already dead inside. *tapps side of head*,neither,0.14228396641891866,0.23472617585244576,0.6229898577286356
255,UK BIDET,neither,0.039453208442083915,0.33037608806864915,0.6301707034892671
256,YAY!!! it's finally Thursday,neither,0.038258567513439035,0.3307869798649897,0.6309544526215712
257,ugh the new kids gonna be playing tonight,neither,0.03898485883747671,0.27088285950034263,0.6901322816621805
258,Can someone please message me the name of this song?,neither,0.03323020136506991,0.3504535970988822,0.6163162015360478
259,lol the power of friendship one kills me,neither,0.02839234184289385,0.4049715468087681,0.566636111348338
260,@lanelacy bidet from Minnesota!,neither,0.04071751644889743,0.3089174816120565,0.6503650019390461
261,mute :(,neither,0.039453208442083915,0.33037608806864915,0.6301707034892671
262,souuuuuund,neither,0.039453208442083915,0.33037608806864915,0.6301707034892671
263,Holy crap chat runs fast,neither,0.039453208442083915,0.33037608806864915,0.6301707034892671
264,heheheheeee,neither,0.039453208442083915,0.33037608806864915,0.6301707034892671
265,10 PERCENT PogChamp,neither,0.039453208442083915,0.33037608806864915,0.6301707034892671
266,LMFAO what?,neither,0.06368446641433542,0.31877294103444664,0.6175425925512179
267,BIDET,neither,0.039453208442083915,0.33037608806864915,0.6301707034892671
268,ITS OK EVERYONE I GOT MY DICE CRISIS AVERTED,neither,0.02448328391454031,0.4829646531068223,0.4925520629786375
269,i got my dice!!,neither,0.02586402318340796,0.4804141057574747,0.4937218710591173
270,#BRINGBACKSAM'SMUG,neither,0.039453208442083915,0.33037608806864915,0.6301707034892671
271,"After watching Taliesin on the For Honor stream, I want to see him wearing a velvet smoking jacket, sitting in a plush arm chair (like Masterpiece Theatre style) Call it Historical Oddities with Taliesin Jaffe or something...",neither,0.0369042344674478,0.3347501665918149,0.6283455989407373
272,They could do a Pike and Scanlan 2 pack,neither,0.040091551334388964,0.2896128892582415,0.6702955594073695
273,"Hey everyone, I just want you all to know that I love you all!",offensive_language,0.059592143485225374,0.6570892867031218,0.2833185698116528
274,Not even a test pattern on Alpha,neither,0.03584919020320195,0.3550401398919062,0.6091106699048918
275,Scanlan's done so much spice he's folding time and space!,neither,0.03821513610528066,0.3543865813352705,0.6073982825594488
276,bidet,neither,0.039453208442083915,0.33037608806864915,0.6301707034892671
277,"Oooh, the tech charts are so cook!",neither,0.05379286979615885,0.31903232725887193,0.6271748029449692
278,"""Sane and Healthy""... Yep, that's Vox Machina",neither,0.03605970062320767,0.3312299002522631,0.6327103991245292
279,00,neither,0.039453208442083915,0.33037608806864915,0.6301707034892671
280,no art this week?,neither,0.038516481963401385,0.3462747810731957,0.615208736963403
281,i need me some arrrtttt,neither,0.01896711850461756,0.4113704263367916,0.569662455158591
282,Bidet from Seattle,neither,0.040754399270683486,0.3082914838698526,0.650954116859464
283,"How old is this particular Kraken in Kracken years, because if its senior citizen age... this whole mission might be a non-starter.",neither,0.032176472698807856,0.35578625842122297,0.6120372688799691
284,BIDET FROM VERMONT,neither,0.04228451509352876,0.2823214250720796,0.6753940598343917
285,liams neesons!?,neither,0.039453208442083915,0.33037608806864915,0.6301707034892671
286,Did they start on time SeemsGood,neither,0.035084582189993316,0.36722282109943855,0.5976925967105681
287,"this is insanity they are on time, holy shit.",offensive_language,0.0755960884289289,0.9137035206723068,0.010700390898764357
288,beep beep from my own dnd game in utah,neither,0.04636157686526531,0.3414492517628077,0.6121891713719272
289,gandsGnSBigsby,neither,0.039453208442083915,0.33037608806864915,0.6301707034892671
290,Ya I have to go line up infront of Gamestop soon for the switch,offensive_language,0.02846561333987365,0.4884412009276598,0.4830931857324665
291,"@SandSeaSentinel It's a joke Grog made where he misconsrued a greeting somewhere and said ""Bidet"" instead of Good Day",neither,0.042501708503592465,0.27319803322465924,0.6843002582717482
292,TGIFT,neither,0.039453208442083915,0.33037608806864915,0.6301707034892671
293,"bidet from gothenburg, sweden!",neither,0.04228451509352876,0.2823214250720796,0.6753940598343917
294,Oh god I'd forgotten about that,neither,0.03883329124076679,0.3545550388720192,0.606611669887214
295,"Vax is dead, Fact ... will he come back? up to the dice, and Liam",neither,0.04912095569712725,0.3227193027521448,0.628159741550728
296,Bidet from Virginia,neither,0.04079557052152802,0.3075927002946183,0.6516117291838538
297,Okie critter represent!,neither,0.039453208442083915,0.33037608806864915,0.6301707034892671
298,this is my first time watching it live ....,neither,0.03064820422160163,0.4231534953424674,0.5461983004359309
299,bidet from Toronto!,neither,0.04066490145509902,0.30981049537100724,0.6495246031738937
300,I wonder if we'll be seeing the Raven Queen tonight.,neither,0.026701574230989664,0.3433758376569731,0.6299225881120373
301,Bidet from San Francisco!,neither,0.04039184050312168,0.31444505235836057,0.6451631071385178
302,I'm ready for some crazy good BibleThump,neither,0.0189178362128926,0.4173327292020073,0.5637494345851001
303,Bidet from MI,neither,0.040817483668844766,0.3072207769958956,0.6519617393352596
304,Bidet,neither,0.039453208442083915,0.33037608806864915,0.6301707034892671
305,Lol,neither,0.020706217963973744,0.4882283491876925,0.4910654328483337
306,gandsFail gandsFail gandsFail gandsFail gandsFail gandsFail gandsFail gandsFail gandsSCANLAN gandsSCANLAN gandsSCANLAN,neither,0.039453208442083915,0.33037608806864915,0.6301707034892671
307,lol,neither,0.020706217963973744,0.4882283491876925,0.4910654328483337
308,hahaha omg,neither,0.039453208442083915,0.33037608806864915,0.6301707034892671
309,your fun is not wrong.....,neither,0.09060555942917284,0.3200936059899241,0.5893008345809031
310,gands2YearHype gands2YearHype gands2YearHype,neither,0.039453208442083915,0.33037608806864915,0.6301707034892671
311,Support 826LA on behalf of Geek & Sundry! https://twitch.streamlabs.com/geekandsundry,neither,0.05364573468689681,0.3323604297529493,0.6139938355601539
312,5hours?!? Noo!!,neither,0.039453208442083915,0.33037608806864915,0.6301707034892671
313,...,neither,0.039453208442083915,0.33037608806864915,0.6301707034892671
314,"There will be more GM tips, just with more awesome GMs giving us tips",neither,0.048504418469275695,0.317259037471086,0.6342365440596383
315,Pulling a winner for 1 PM!,neither,0.03479685608662253,0.3071102743242209,0.6580928695891566
316,Apple is the keeper tonight,neither,0.043245475316383376,0.297360889533746,0.6593936351498705
317,!wallet,neither,0.039453208442083915,0.33037608806864915,0.6301707034892671
318,"I just checked, and that game costs 100€.... i guess its going on my wishlist... dang thats expensive",neither,0.024760803044727588,0.38669625469445895,0.5885429422608135
319,!2years,neither,0.039453208442083915,0.33037608806864915,0.6301707034892671
320,Cool :D,neither,0.039453208442083915,0.33037608806864915,0.6301707034892671
321,WOOHOO,neither,0.039453208442083915,0.33037608806864915,0.6301707034892671
322,These guys are so great!,neither,0.08285451493809713,0.3770025546863793,0.5401429303755235
323,YES! Brain as a parapsychologist :D,neither,0.037258384136425717,0.3676279845706621,0.5951136312929123
324,Brian should be mrs doubtfire,neither,0.05177857364029016,0.3691181793336645,0.5791032470260453
325,helloo,neither,0.039453208442083915,0.33037608806864915,0.6301707034892671
326,leahHAIR //,neither,0.039453208442083915,0.33037608806864915,0.6301707034892671
327,"Bidet from Bloomington, IN",neither,0.040617981582016544,0.31060684806832817,0.6487751703496555
328,start with the cow episode,neither,0.02984931972438245,0.34743108780358906,0.6227195924720283
329,Bidet from California,neither,0.06971251856910228,0.2972619859879888,0.633025495442909
330,"ooo Israel, wow!",neither,0.053508593666994106,0.3255417965716443,0.6209496097613616
331,"@Seungtaekz yep, me",neither,0.02984901473345508,0.3835963794132101,0.5865546058533349
332,lol,neither,0.020706217963973744,0.4882283491876925,0.4910654328483337
333,Hi sam we love you in boston,neither,0.04913925073514621,0.3795836712698117,0.571277077995042
334,Best shirt. F*ing Sam,neither,0.038720130196797146,0.32423738522318607,0.6370424845800168
335,hahaha,neither,0.039453208442083915,0.33037608806864915,0.6301707034892671
336,holy shit.... gandsSCANLAN gandsSCANLAN gandsSCANLAN gandsSCANLAN,offensive_language,0.04257650662097627,0.9573463282193174,7.716515970639688e-05
337,#Brianfostersmellslikecabbage,neither,0.039453208442083915,0.33037608806864915,0.6301707034892671
338,You wanna get Amy mad?! :),neither,0.0549046139408918,0.3846978390651761,0.5603975469939322
339,gandsGandsPoo,neither,0.039453208442083915,0.33037608806864915,0.6301707034892671
340,"Poop, a few minutes late.",neither,0.039453208442083915,0.33037608806864915,0.6301707034892671
341,"@GeekandSundry, Indeed, it was!",neither,0.037662990550263134,0.3333434378739184,0.6289935715758185
342,worldsfoxiestgrandpa has 2527 coins,neither,0.03989735448983053,0.32283777050957063,0.6372648750005988
343,jmansell has 14265 coins,neither,0.03989735448983053,0.32283777050957063,0.6372648750005988
344,Sactown,neither,0.039453208442083915,0.33037608806864915,0.6301707034892671
345,HELLO EVERYONE,neither,0.03269494828970791,0.4450814005079928,0.5222236512022994
346,Bidet from LA!,neither,0.040941870550227466,0.3051096069949388,0.6539485224548338
347,wow dont even let them say bye to us just cut us ioff like that,neither,0.09286417715354628,0.384383416842322,0.5227524060041318
348,lol what,neither,0.03348641322023753,0.4355811964842656,0.5309323902954968
349,"@AnnaGeeks that wasnt ""internet issues"" that was someones mistake,",neither,0.03492756416122187,0.3801642835656743,0.5849081522731039
350,Woo!,neither,0.039453208442083915,0.33037608806864915,0.6301707034892671
351,"they're in hell, it's dark",offensive_language,0.05880636986774373,0.7120267208475516,0.22916690928470465
352,@GeekandSundry yeah there's a lot of bandwidth artifacts even at source level,neither,0.026969413772772382,0.4047701072930113,0.5682604789342163
353,"Now, I'm just wondering, i'm not accusing anyone. But... is there desyncing issues for anyone? or is is already ""WE KNOW""?",neither,0.042465950099847535,0.3188465121443847,0.6386875377557677
354,No pike. No Sam. They'd better not take hell.,offensive_language,0.03875492047200292,0.6630119973214126,0.2982330822065846
355,oh god thats adorable,neither,0.0443579527038592,0.2835307692229493,0.6721112780731915
356,"I would like to take a second to say that this show, literally is medication for my soul. I deal with heavy anxiety problems and this show for me has been a light in my life for a long while now, it helps me feel better and put aside my issues if for just 3-4 hours a week. Thank you cast and crew so much and critters too that make this show what it is. gandsLessthanthree",neither,0.03091255140885045,0.36722815045297225,0.6018592981381772
357,good evening @primax104,neither,0.03869882722860525,0.3306355543605695,0.6306656184108252
358,Beep Beep all,offensive_language,0.046917543854519406,0.6277741405869331,0.3253083155585475
359,"Also, is it bugging anyone else that the title says ""alks"" instead of ""Talks"" ?",neither,0.0401786323957256,0.3426501859691732,0.6171711816351011
360,"Ooo good catch, it must have be a transpo error",neither,0.03861478266117264,0.32881164997029155,0.6325735673685358
361,r i p,neither,0.039453208442083915,0.33037608806864915,0.6301707034892671
362,We came to close to the truth,neither,0.05074499755897505,0.3118453245236336,0.6374096779173913
363,Probably when Matt's busy or asleep,neither,0.03177846491716637,0.3784664254480888,0.5897551096347449
364,"WHATS UP EVERYONE ,COLUMBIA,S.C.",offensive_language,0.030731432710599117,0.4865559699246469,0.4827125973647539
365,"so if teryon armor has made him 10 leves higher, is that considered pay to win",neither,0.034178934219656135,0.3989672264074315,0.5668538393729123
366,gandsSubHype gandsSubHype gandsSubHype,neither,0.039453208442083915,0.33037608806864915,0.6301707034892671
367,that disguised doty though,neither,0.033031844838705395,0.4009539480088138,0.5660142071524806
368,Bidet from NY,neither,0.040845137705904734,0.30675141581570226,0.6524034464783931
369,lootcrate!!!!,neither,0.039453208442083915,0.33037608806864915,0.6301707034892671
370,Sam needs to be Sentient Advertising Mechanism in a 1-shot,neither,0.04465963730354523,0.33024149070771913,0.6250988719887357
371,this guy is a voice actor everybody,neither,0.0454931703796029,0.3355784947773878,0.6189283348430092
372,lol,neither,0.020706217963973744,0.4882283491876925,0.4910654328483337
373,Hiring trinket to sweep up?!? thats bearly legal!,neither,0.04208866983523897,0.3638032780553614,0.5941080521093997
374,First live session!!!,neither,0.03645072026845664,0.33140878143246383,0.6321404982990795
375,@mrpriapism6 I hope you're not driving!,neither,0.1598048639298867,0.21708374818439846,0.6231113878857149
376,Bidet from St Louis :D,neither,0.040470992782370326,0.313101631608523,0.6464273756091067
377,WOOOOOH i am hyped,neither,0.039240117720709546,0.3304493797391332,0.6303105025401572
378,Bedit from Arkansas!,neither,0.04066490145509902,0.30981049537100724,0.6495246031738937
379,"Wow so many people here, is something about to happen? :P",neither,0.1309199824616039,0.336864166180425,0.5322158513579711
380,Bidet from Sweden,neither,0.04228451509352876,0.2823214250720796,0.6753940598343917
