,text,top_class,hate_speech,offensive_language,neither
0,:),neither,0.039453208442083915,0.33037608806864915,0.6301707034892671
1,Bidet from Philly!,neither,0.04076955598142026,0.3080342349327864,0.6511962090857933
2,"@Karraxx Perth here, Beep beep!",neither,0.22097653003277068,0.2221615150675793,0.55686195489965
3,Warforged,neither,0.039453208442083915,0.33037608806864915,0.6301707034892671
4,Bidet from New Mexico,neither,0.04441189881032757,0.21402420332822164,0.7415638978614508
5,SKYRIM!,neither,0.039453208442083915,0.33037608806864915,0.6301707034892671
6,gandsSCANLAN gandsSCANLAN gandsSCANLAN gandsDrink gandsDrink gandsSubHype gandsSubHype gandsSubHype,neither,0.039453208442083915,0.33037608806864915,0.6301707034892671
7,Is the audi oout of sync with video?,neither,0.039123887328034734,0.23161467146335654,0.7292614412086088
8,ASHHLEY!!!!!,neither,0.039453208442083915,0.33037608806864915,0.6301707034892671
9,Ashley and new torch hype,neither,0.04133848151706334,0.23957487489138246,0.7190866435915542
10,LOL,neither,0.020706217963973744,0.4882283491876925,0.4910654328483337
11,PORN BOX HYPE,neither,0.03522860851695332,0.40207857412535536,0.5626928173576914
12,HAHAHAHA,neither,0.039453208442083915,0.33037608806864915,0.6301707034892671
13,Just a beautiful piece of theatre.,neither,0.035843044589727126,0.3472608916081284,0.6168960638021443
14,We need these every week,neither,0.04948693511409785,0.41531196093456013,0.535201103951342
15,rofl,neither,0.039453208442083915,0.33037608806864915,0.6301707034892671
16,PROJECT`?,neither,0.039453208442083915,0.33037608806864915,0.6301707034892671
17,If you give legendary your $$$$$$$$,neither,0.06279399860485399,0.4332335231495552,0.5039724782455908
18,Tech problems happen chill guys,neither,0.03936933097866359,0.33179970752562804,0.6288309614957084
19,Hey @GeekandSundry how about admitting that the Pit Crew isn't responsible for this failure instead of letting other people take blame for your mistakes?,neither,0.0530378832078749,0.3234511876675973,0.6235109291245278
20,Hi :),neither,0.039453208442083915,0.33037608806864915,0.6301707034892671
21,Is Travis coming tonight???,neither,0.04392934044213447,0.3087526034340593,0.6473180561238062
22,gandsNopeNopeNope gandsNopeNopeNope gandsNopeNopeNope gandsNopeNopeNope,neither,0.039453208442083915,0.33037608806864915,0.6301707034892671
23,gandsFail gandsFail gandsFail gandsFail,neither,0.039453208442083915,0.33037608806864915,0.6301707034892671
24,Phew gandsClassic gandsSubHype,neither,0.039453208442083915,0.33037608806864915,0.6301707034892671
25,Good job! Focus fire the Pit Fiend now.,neither,0.03834473275287036,0.318736146693452,0.6429191205536777
26,Nice Keyleth,neither,0.039453208442083915,0.33037608806864915,0.6301707034892671
27,what does animus do was it ever release?,neither,0.03109353938441832,0.4366644722191405,0.5322419883964413
28,gandsSCANLAN gandsSCANLAN gandsSCANLAN gandsSCANLAN gandsSCANLAN gandsSCANLAN gandsSCANLAN gandsSCANLAN gandsSCANLAN gandsSCANLAN gandsSCANLAN gandsSCANLAN,neither,0.039453208442083915,0.33037608806864915,0.6301707034892671
29,First ever live Crit Role! :DDDDD,neither,0.03657469501254503,0.3313661408330353,0.6320591641544198
30,I can't wait,neither,0.039910734139036584,0.3226106829444422,0.6374785829165213
31,"They fought dragons, they can handle a fiend",neither,0.039647077458653326,0.32708562489965065,0.633267297641696
32,no ashley,neither,0.038465455673613855,0.34714083037889465,0.6143937139474915
33,k,neither,0.039453208442083915,0.33037608806864915,0.6301707034892671
34,What song is this?,neither,0.05996683045653229,0.33256274023851656,0.6074704293049512
35,"BIDET, BEEP BEEP,",neither,0.039453208442083915,0.33037608806864915,0.6301707034892671
36,tpk time,neither,0.036668274527354654,0.377643684699956,0.5856880407726893
37,@thewordalchemist I've enjoyed it for over 18 months now if that means anything.,neither,0.014857639496057675,0.3561293194260388,0.6290130410779035
38,PogChamp,neither,0.039453208442083915,0.33037608806864915,0.6301707034892671
39,i wanna chat but i wanna knit !!,neither,0.03653584140937975,0.3390219359742462,0.624442222616374
40,weelyfactoids has 2706 coins,neither,0.03989735448983053,0.32283777050957063,0.6372648750005988
41,Bidet from Wisconsin,neither,0.04071751644889743,0.3089174816120565,0.6503650019390461
42,WE'RE BACK,neither,0.0707855877519284,0.2891816921207498,0.6400327201273217
43,gandsFail gandsFail gandsFail gandsFail,neither,0.039453208442083915,0.33037608806864915,0.6301707034892671
44,"whoa, that was bad. but we're back!",neither,0.04361036790079582,0.35524501259372376,0.6011446195054805
45,i had to refresh twice but its back,neither,0.03688989034440975,0.3365104439143266,0.6265996657412637
46,#GrogHug,neither,0.039453208442083915,0.33037608806864915,0.6301707034892671
47,"as said in ""Monster Squad"" ""Kick him in the nards!""",neither,0.03743957037672999,0.3438898231030101,0.61867060652026
48,what are these coins i never knew i had,neither,0.07138621630289482,0.3783557230278765,0.5502580606692287
49,Bidet from MA also,neither,0.03325850764682488,0.4355163274449958,0.5312251649081793
50,"I'm thankful for Critical Role, Talks Machina, and the people involved. I'm thankful for the community.",neither,0.04344071817408485,0.27902797467745943,0.6775313071484557
51,Bidet from Maryland,neither,0.04066490145509902,0.30981049537100724,0.6495246031738937
52,#SaveLarkin,neither,0.039453208442083915,0.33037608806864915,0.6301707034892671
53,"Help G&S make great content! $4.99/month gets you emotes, Minecraft server access, Sub Only Q&As, VODs, and more! Every sub keeps the channel alive! twitch.tv/geekandsundry/subscribe",neither,0.04309292492440285,0.3236556544381889,0.6332514206374082
54,Whooooo,neither,0.039453208442083915,0.33037608806864915,0.6301707034892671
55,Nice,neither,0.039453208442083915,0.33037608806864915,0.6301707034892671
56,#PlayHanson,neither,0.039453208442083915,0.33037608806864915,0.6301707034892671
57,Scoot Scoot,neither,0.039453208442083915,0.33037608806864915,0.6301707034892671
58,Travis Willingham,neither,0.039453208442083915,0.33037608806864915,0.6301707034892671
59,Bitdet!!!,neither,0.039453208442083915,0.33037608806864915,0.6301707034892671
60,same',neither,0.04148851938089603,0.3488915597363099,0.6096199208827939
61,in laws was an interesting choice in words....,neither,0.0395846375511912,0.328145393084456,0.6322699693643528
62,Bidet from Ecuador!,neither,0.04062582848913359,0.3104736655757561,0.6489005059351104
63,thank god that's over,neither,0.031691037539594465,0.3865021773194872,0.5818067851409184
64,what happened last epi? i forgot...,neither,0.044693570672278506,0.32661416720900643,0.628692262118715
65,@Pixiestixs Don't do it D: There's so much to watch firrrst XD,neither,0.047267294866339855,0.3263806986063049,0.6263520065273552
66,Very excited for Pikes armour <3,neither,0.03318329498785731,0.29907265352930434,0.6677440514828384
67,"I hope to get some roll20 time when my schedule clears up. Between real job, DMing, and trying to get some stories written from fan art its been a tight schedule",neither,0.033549471405867184,0.3978962870265902,0.5685542415675428
68,deljase has 4531 coins,neither,0.03989735448983053,0.32283777050957063,0.6372648750005988
69,FYI if your stream is black refresh,neither,0.06295054322324535,0.3485276622380855,0.5885217945386693
70,gandsSCANLAN gandsJesstatorship gandsDrink gandsMatt,neither,0.039453208442083915,0.33037608806864915,0.6301707034892671
71,bidet and beep beep from Kansas,neither,0.039674772959784124,0.2657684621551347,0.6945567648850811
72,bs but still hilarious,neither,0.03564753935847654,0.3531158893151693,0.6112365713263541
73,hoooooooooly shite,neither,0.039453208442083915,0.33037608806864915,0.6301707034892671
74,NOOOOO,neither,0.039453208442083915,0.33037608806864915,0.6301707034892671
75,"Same, won't use. But maybe bringing up specific reasons why I won't will help Geek and Sundry tweak things",neither,0.020402273032911176,0.3807150404627821,0.5988826865043068
76,"@serwyn_ no, this is supposed to be the last week before it just airs on Alpha",neither,0.03929430269450162,0.3836298398495325,0.5770758574559661
77,this is clear proof that carrot on a stick marketing makes people angry,neither,0.054070643264921364,0.3569211823443875,0.5890081743906911
78,Why do people flip out over 5 dollars a month anyway? It's 1.25 a week. That's less then the average 20 oz soda,neither,0.03883900444206962,0.35494403036289385,0.6062169651950365
79,beep peep,neither,0.039453208442083915,0.33037608806864915,0.6301707034892671
80,WOOOOOOOOO,neither,0.039453208442083915,0.33037608806864915,0.6301707034892671
81,so the guy we're supposed to get mad at,neither,0.058001718247439424,0.3599729314715958,0.5820253502809647
82,@kingkpuchino its stuck for me too,neither,0.02225061009285293,0.345575705325563,0.6321736845815841
83,Wonder when the actual Thordak fight will go down. Couple of weeks I'd guess...,neither,0.03405891296712347,0.3412186590062541,0.6247224280266225
84,I saw a video last night said critical role will not B going to Alpha,neither,0.04062682404850426,0.2810984601499815,0.6782747158015141
85,GOOD NEWS Everyone! You have now read this message in Farnsworth's voice.,neither,0.04381526619602881,0.4361235335340921,0.5200612002698791
86,Yay,neither,0.039453208442083915,0.33037608806864915,0.6301707034892671
87,AMIR HYPE!,neither,0.039453208442083915,0.33037608806864915,0.6301707034892671
88,Lord Glitterus,neither,0.039453208442083915,0.33037608806864915,0.6301707034892671
89,Be Please! from Wa.st😊,neither,0.04073601097828985,0.3184201933149328,0.6408437957067774
90,Bidet from Ontario,neither,0.04062582848913359,0.3104736655757561,0.6489005059351104
91,oh the map loaded. just took a while lol,neither,0.033805457870714845,0.3364898522433052,0.6297046898859799
92,Contrasting music,neither,0.039453208442083915,0.33037608806864915,0.6301707034892671
93,!wallet,neither,0.039453208442083915,0.33037608806864915,0.6301707034892671
94,working on a dungeon for my game jamming to critical role,neither,0.030478196826467893,0.34338990594033303,0.6261318972331992
95,piiiiit crew! beer me,neither,0.031899326798157795,0.3714191253968457,0.5966815478049966
96,!wallet,neither,0.039453208442083915,0.33037608806864915,0.6301707034892671
97,!wallet,neither,0.039453208442083915,0.33037608806864915,0.6301707034892671
98,gandsSubHype gandsSubHype gandsSubHype gandsSubHype gandsSubHype gandsSubHype gandsSubHype gandsSubHype gandsSubHype gandsSubHype gandsSubHype gandsSubHype gandsSubHype,neither,0.039453208442083915,0.33037608806864915,0.6301707034892671
99,YAAAAAAAY,neither,0.039453208442083915,0.33037608806864915,0.6301707034892671
100,gandsCrit gandsCrit gandsCrit gandsCrit gandsCrit gandsCrit,neither,0.039453208442083915,0.33037608806864915,0.6301707034892671
101,NOOOOO GROG,neither,0.039453208442083915,0.33037608806864915,0.6301707034892671
102,its so hard to believe this is happening live! finally!!!!,offensive_language,0.04026543186815454,0.5050822051097921,0.4546523630220535
103,no grog FeelsBadMan,neither,0.036918905254960256,0.3733898271584121,0.5896912675866277
104,Where's travis,neither,0.041484920606821234,0.2958926302868298,0.6626224491063488
105,limerick time :P,neither,0.036668274527354654,0.377643684699956,0.5856880407726893
106,gandsSCANLAN,neither,0.039453208442083915,0.33037608806864915,0.6301707034892671
107,This is how we dooooo itttttt,neither,0.05262066042868487,0.33223418432575896,0.6151451552455561
108,KappaPride,neither,0.039453208442083915,0.33037608806864915,0.6301707034892671
109,gandsSubHype gandsSubHype gandsSubHype gandsSubHype gandsSubHype,neither,0.039453208442083915,0.33037608806864915,0.6301707034892671
110,yeah Alpha can still go *** itself.,neither,0.02730550811298386,0.4246112471581519,0.5480832447288643
111,Is the sound cutting out for you guys too?,neither,0.04754348449952129,0.3400706377622766,0.6123858777382021
112,#WeKnow,neither,0.039453208442083915,0.33037608806864915,0.6301707034892671
113,No tpk,neither,0.036918905254960256,0.3733898271584121,0.5896912675866277
114,#TPK,neither,0.039453208442083915,0.33037608806864915,0.6301707034892671
115,knowing Vox Machina they'll get distracted and completely forget about the flute...,neither,0.03744571761594945,0.3192491466067669,0.6433051357772838
116,it's so close,neither,0.03746796066739752,0.3944750034443159,0.5680570358882867
117,everybody's already drinking but I'm over here waiting to take a shot when someone dies,neither,0.053416075411547616,0.3520755803872209,0.5945083442012313
118,ITS TIME,neither,0.028403263479439236,0.3661597506136393,0.6054369859069215
119,gandsSCANLAN gandsSCANLAN gandsSCANLAN gandsSCANLAN gandsSCANLAN gandsSCANLAN gandsSCANLAN,neither,0.039453208442083915,0.33037608806864915,0.6301707034892671
120,hypeeeeeeeeeeeeeeeeeeeeee,neither,0.039453208442083915,0.33037608806864915,0.6301707034892671
121,bidet from ottawa,neither,0.04228451509352876,0.2823214250720796,0.6753940598343917
122,Bidet from UMBC,neither,0.04228451509352876,0.2823214250720796,0.6753940598343917
123,I am so happy to be here with you all. This is gunna be nutz,offensive_language,0.10068708191623556,0.4608955585732306,0.4384173595105339
124,Who is Larkin?,offensive_language,0.06273239322143805,0.4764218203653384,0.4608457864132235
125,wooot,neither,0.039453208442083915,0.33037608806864915,0.6301707034892671
126,lol,neither,0.020706217963973744,0.4882283491876925,0.4910654328483337
127,Kappa WHEEEEEEEE,neither,0.039453208442083915,0.33037608806864915,0.6301707034892671
128,XD Love this,neither,0.033354624610487035,0.3621303940867481,0.6045149813027648
129,gogogogogog,neither,0.039453208442083915,0.33037608806864915,0.6301707034892671
130,#WeKnow,neither,0.039453208442083915,0.33037608806864915,0.6301707034892671
131,GOLDEN Kappa TEST,neither,0.039453208442083915,0.33037608806864915,0.6301707034892671
132,AHHHHHHHHH,neither,0.039453208442083915,0.33037608806864915,0.6301707034892671
133,my first live episode tonight!!,neither,0.0257974120831738,0.3820906899921953,0.592111897924631
134,gandsSCANLAN gandsSCANLAN gandsSCANLAN gandsSCANLAN gandsSCANLAN gandsSCANLAN gandsSCANLAN,neither,0.039453208442083915,0.33037608806864915,0.6301707034892671
135,My pr0n is safe??,neither,0.033226066118496475,0.4401848272090873,0.5265891066724163
136,amazing,neither,0.039453208442083915,0.33037608806864915,0.6301707034892671
137,LUL,neither,0.039453208442083915,0.33037608806864915,0.6301707034892671
138,gandsApplaud gandsApplaud gandsApplaud gandsApplaud gandsApplaud gandsApplaud gandsApplaud gandsApplaud gandsApplaud gandsApplaud gandsApplaud gandsApplaud,neither,0.039453208442083915,0.33037608806864915,0.6301707034892671
139,This is why I always yell at Denise guys,neither,0.0333640850249201,0.410081439713089,0.5565544752619909
140,Will they show fan vids later?,neither,0.051917964458356884,0.2558265511185135,0.6922554844231296
141,refresh if you don't have logo :P,neither,0.034280390098821584,0.42045668890522253,0.5452629209959559
142,gandsNatTwenty gandsNatTwenty gandsLessthanthree,neither,0.039453208442083915,0.33037608806864915,0.6301707034892671
143,wow i missed them so much and didn't realize it until just now,neither,0.029899520487456706,0.38488280205798797,0.5852176774545553
144,"That's nothing, you should see my work inbox after a week off. :D",offensive_language,0.044163422031513466,0.5102744507011729,0.4455621272673136
145,arttt <3,neither,0.039453208442083915,0.33037608806864915,0.6301707034892671
146,!!!,neither,0.039453208442083915,0.33037608806864915,0.6301707034892671
147,Chat is back just in time for the critical role spam fest !,neither,0.036613494701050964,0.3259755444860991,0.63741096081285
148,Roawr i am throdak,neither,0.03902346103501681,0.3305238979082658,0.6304526410567174
149,<3,neither,0.039453208442083915,0.33037608806864915,0.6301707034892671
150,"someone catch me up, we just went chasing after the witch dragon deeper into the hole right",neither,0.03170288563392724,0.37559112626690266,0.5927059880991701
151,Bidet fellow critters!,neither,0.039453208442083915,0.33037608806864915,0.6301707034892671
152,gandsDrink gandsDrink gandsDrink gandsDrink gandsDrink gandsDrink gandsDrink,neither,0.039453208442083915,0.33037608806864915,0.6301707034892671
153,beep beep,neither,0.039453208442083915,0.33037608806864915,0.6301707034892671
154,Bidet from Kansas the super snowy ;),neither,0.03957547213204507,0.29819095847623495,0.6622335693917201
155,Best of luck finding them in this mess bruh!,neither,0.048197816814201766,0.32076433302961216,0.631037850156186
156,bidet everyone,offensive_language,0.029888967906347413,0.4927062106388782,0.4774048214547744
157,It's been forever!!,neither,0.037267611776028935,0.33792347593664124,0.6248089122873299
158,so excited,neither,0.03940839469474773,0.3948270312238364,0.565764574081416
159,Bidet,neither,0.039453208442083915,0.33037608806864915,0.6301707034892671
160,let's cross our fingers for no TPK tonight,neither,0.023635418200466045,0.32697889923908297,0.6493856825604511
161,gandsGandsPoo gandsGandsPoo gandsGandsPoo,neither,0.039453208442083915,0.33037608806864915,0.6301707034892671
162,herp,neither,0.039453208442083915,0.33037608806864915,0.6301707034892671
163,Bidet from Canada!,neither,0.04071751644889743,0.3089174816120565,0.6503650019390461
164,beep beep from nc,neither,0.04066490145509902,0.30981049537100724,0.6495246031738937
165,Thank you guys <3 I love this community so MUCH,neither,0.04525939622438956,0.42928243594993903,0.5254581678256713
166,Bidet everyone!!!,offensive_language,0.029888967906347413,0.4927062106388782,0.4774048214547744
167,"3 mins to go, are you ready?",neither,0.10976538308082782,0.3251208189022894,0.5651137980168828
168,hi,neither,0.039453208442083915,0.33037608806864915,0.6301707034892671
169,Finally caught up and have been waiting for this damn holiday break to be over!,offensive_language,0.038482009905164864,0.5910463389320939,0.3704716511627412
170,🗡🗡🗡,neither,0.039453208442083915,0.33037608806864915,0.6301707034892671
171,Chris! <3,neither,0.039453208442083915,0.33037608806864915,0.6301707034892671
172,Bidet from Washington State,neither,0.07569869260918143,0.20816383471815325,0.7161374726726654
173,is it started yet?,neither,0.047180050229070514,0.32771847285911865,0.6251014769118108
174,LIN!!!!!!!!!!!,neither,0.039453208442083915,0.33037608806864915,0.6301707034892671
175,Is it Thursday yet?,neither,0.046511356642776266,0.3279484672467925,0.6255401761104311
176,*** LOVE THESE FOOLS,neither,0.046274991703987835,0.4337736067983758,0.5199514014976364
177,Hi! I missed you all!!!,offensive_language,0.061650923167588675,0.475857167519442,0.4624919093129694
178,SPICE?,neither,0.039453208442083915,0.33037608806864915,0.6301707034892671
179,It's gonna start ones they are ready! Clam down chat xD,neither,0.05599557744179506,0.2640556608995725,0.6799487616586324
180,I spice.... all my food,offensive_language,0.029886292123084388,0.4908193774444782,0.4792943304324374
181,gandsSubHype gandsSubHype gandsSubHype gandsSubHype,neither,0.039453208442083915,0.33037608806864915,0.6301707034892671
182,I tried signing up and nothing happened.,neither,0.03497585462391471,0.36995609005468505,0.5950680553214003
183,hello,neither,0.039453208442083915,0.33037608806864915,0.6301707034892671
184,"Hey all, let's keep the rules and player choice critiques to a minimum tonight and just enjoy the show, please! =)",neither,0.03418702245201565,0.33190366000211496,0.6339093175458694
185,Bidet and Beep Beep from Illinois.,neither,0.039670422827289976,0.26681207269915463,0.6935175044735555
186,The Critical Role theme song is written by Jason Charles Miller (bit.ly/CRsong ). The fan art music is Twin Elms from the Pillars of Eternity Soundtrack (youtu.be/WYMLvmilS24 ),neither,0.04451672980050135,0.3243004653192533,0.6311828048802453
187,bidet from (redacted),neither,0.04228451509352876,0.2823214250720796,0.6753940598343917
188,Bidet from Minnesota,neither,0.04071751644889743,0.3089174816120565,0.6503650019390461
189,OKC REPRESENT!!!!,neither,0.039453208442083915,0.33037608806864915,0.6301707034892671
190,wait,neither,0.039453208442083915,0.33037608806864915,0.6301707034892671
191,wat,neither,0.039453208442083915,0.33037608806864915,0.6301707034892671
192,"Masterjj1162 : if your group finds a cool two-handed weapon, you should really drop the shield and go for it, a barbarian can really use a lot of advantages with strength-based weapon",neither,0.03267005005804219,0.38096859979316783,0.58636135014879
193,#freeDenise,neither,0.039453208442083915,0.33037608806864915,0.6301707034892671
194,Denise's brother is Denephew,neither,0.05282228103668591,0.3257778509564865,0.6213998680068277
195,"Tonights Guests: Sam, Liam, Laura, and guest from CritRoleStats",neither,0.039584405390387115,0.28887143521515085,0.6715441593944622
196,that can benefit a lot from the advantage,neither,0.03644658219343208,0.3328947961340618,0.6306586216725061
197,"OH, that's right",neither,0.03969491098785812,0.3465162193355661,0.6137888696765759
198,"!clock Critical Role is, as it has always been, at 7 pm Pacific time",neither,0.03967790325942746,0.4011839614222565,0.5591381353183161
199,Bidet from mi,neither,0.040817483668844766,0.3072207769958956,0.6519617393352596
200,wheniscriticalrole.com episode #82,neither,0.039453208442083915,0.33037608806864915,0.6301707034892671
201,"nope, no scanlan tonight",neither,0.03567995566740991,0.3214532590469653,0.6428667852856248
202,"Art from the bathtub, can't wait. no words.",neither,0.03911475001063745,0.3100687087488745,0.6508165412404879
203,=(,neither,0.039453208442083915,0.33037608806864915,0.6301707034892671
204,I saw a pic of Laura and Ashley together...hopefully that means pike is back,neither,0.039097974111072534,0.3643544306345377,0.5965475952543899
205,I hope they Hero's Feat before bamfing to the island,neither,0.06519763761977164,0.2819101781302673,0.6528921842499611
206,grog now wields the kingdom key blade,neither,0.03881108850812778,0.3187112827384044,0.6424776287534678
207,"No way they kill Raishan. She's the BBEG, gonna be a long drawn out hunt",neither,0.2427959010774441,0.3451285042515316,0.4120755946710243
208,just curious but does everybody else have a black screen?,neither,0.03486817042803849,0.43232370337828463,0.5328081261936769
209,"omg, have I managed to make it in time before it's started?!",neither,0.03790080037532717,0.3970832643671665,0.5650159352575063
210,yes!,neither,0.039453208442083915,0.33037608806864915,0.6301707034892671
211,just me then lol,neither,0.01734697536857754,0.4866869634165051,0.4959660612149173
212,gandsSubHype gandsSubHype gandsSubHype gandsSubHype,neither,0.039453208442083915,0.33037608806864915,0.6301707034892671
213,bidet from South Philly,neither,0.04048458633390177,0.31287091356269203,0.6466445001034064
214,Here's to hoping they're bot completely screwes,neither,0.0964433703503039,0.2803417353697208,0.6232148942799753
215,"@michaelgrid Me, too!",neither,0.025456656249999262,0.4169057440345985,0.5576375997154023
216,hello everybody!,neither,0.039453208442083915,0.33037608806864915,0.6301707034892671
217,i love Ironheart,neither,0.03217296676969875,0.3657703709031763,0.602056662327125
218,OH GOD!,neither,0.04752317570371466,0.25506489023357065,0.6974119340627147
219,gandsLessthanthree gandsLessthanthree gandsLessthanthree gandsLessthanthree,neither,0.039453208442083915,0.33037608806864915,0.6301707034892671
220,"Just started watching Critical Role recently. Finished episode 16 I think last night, but wanted to watch the live stream. Lucky me @PatrickRothfuss is guesting tonight :D",neither,0.038170050476323436,0.334853424895216,0.6269765246284607
221,*flails*,neither,0.039453208442083915,0.33037608806864915,0.6301707034892671
222,they should get ashley burch,neither,0.052087834574661165,0.3787316408785393,0.5691805245467996
223,"@Hydroplainbagel, Well, better late than never. welcome",neither,0.03585097433594018,0.3694744401708735,0.5946745854931863
224,gotta remember to be active in chat,neither,0.043562734414005815,0.35297761517859405,0.6034596504074
225,"@SpeedDemonStar, sorry :)",neither,0.039453208442083915,0.33037608806864915,0.6301707034892671
226,What did I miss??,neither,0.03686804772469507,0.32860615125000875,0.6345258010252961
227,bidet from florida,neither,0.0408948396164547,0.30590784468201904,0.6531973157015263
228,FIX HIM!!!,neither,0.039286977096751115,0.333197467828188,0.6275155550750611
229,CR Live Stats: http://goo.gl/0F5DKO,neither,0.04019961542110094,0.2435117505132046,0.7162886340656944
230,i started dming for my brother and i stole playing music like mercer. he is so good.,neither,0.04057552463050603,0.36699385880549146,0.5924306165640025
231,#FIXHIM,neither,0.039453208442083915,0.33037608806864915,0.6301707034892671
232,bidet from Lawrence KS,neither,0.04069404815304118,0.30931579984010865,0.6499901520068502
233,!sub,neither,0.039453208442083915,0.33037608806864915,0.6301707034892671
234,Bidet from Louisville again!,neither,0.03865826134861471,0.343868414891415,0.6174733237599702
235,beep beep,neither,0.039453208442083915,0.33037608806864915,0.6301707034892671
236,#FIXTHESCANMAN,neither,0.039453208442083915,0.33037608806864915,0.6301707034892671
237,gandsDrink gandsSCANLAN gandsCrit,neither,0.039453208442083915,0.33037608806864915,0.6301707034892671
238,#FixHim,neither,0.039453208442083915,0.33037608806864915,0.6301707034892671
239,hanselmaniac has 24 coins,neither,0.03982749616279286,0.3240234486351056,0.6361490552021015
240,I need to do fan art for these guys,neither,0.046806526644933295,0.3500921798659653,0.6031012934891015
241,xxDudeSweat -> Suck it down! [stop spamming caps] [warning],neither,0.05389859964395175,0.3952789763167601,0.5508224240392879
242,fan art is epic,neither,0.046264089269725216,0.3280335138349792,0.6257023968952955
243,"@natdyexc11 , is right",neither,0.055419808590003734,0.3611548516377645,0.5834253397722318
244,hype,neither,0.039453208442083915,0.33037608806864915,0.6301707034892671
245,Spice,neither,0.039453208442083915,0.33037608806864915,0.6301707034892671
246,Hello hello hello,neither,0.039453208442083915,0.33037608806864915,0.6301707034892671
247,Knew I recognized Travis as the warlord gandsDrink,neither,0.03692054796309952,0.3463391204916078,0.6167403315452928
248,@vance1982 same hear,neither,0.040712135180980456,0.3418425201286727,0.6174453446903468
249,I love Liam's short,neither,0.03685051913265568,0.34246127529384696,0.6206882055734972
250,physc APRIL FOOLS',neither,0.039453208442083915,0.33037608806864915,0.6301707034892671
251,It's high...time,neither,0.031631652273253714,0.4657046962798532,0.5026636514468931
252,I lost my set of dice 😢😢😢,neither,0.029775909504572613,0.4044367326780754,0.5657873578173519
253,"got my whisky, and I'm ready to party",neither,0.031414142883633235,0.4170933857594791,0.5514924713568876
254,year 2 bois,neither,0.039453208442083915,0.33037608806864915,0.6301707034892671
255,Grog! Grog! Grog!,neither,0.039453208442083915,0.33037608806864915,0.6301707034892671
256,!wallet,neither,0.039453208442083915,0.33037608806864915,0.6301707034892671
257,"Good luck, Sam!",neither,0.03881151517783205,0.3305967958074566,0.6305916890147113
258,@tiredswedishcritter same here!! welcome to the stream ^^,neither,0.08741207768385602,0.2871457938977076,0.6254421284184363
259,@Godzilla969 yeah! TN represent!!!,neither,0.025537677930986845,0.4255936174648079,0.5488687046042052
260,if you are having trouble viewing on your console or phone try switching to a pc,neither,0.06879436330191749,0.36033688974123984,0.5708687469568428
261,!sub,neither,0.039453208442083915,0.33037608806864915,0.6301707034892671
262,Bidet!,neither,0.039453208442083915,0.33037608806864915,0.6301707034892671
263,@masterofpi31415 Human,neither,0.3530005915303368,0.09117267811542168,0.5558267303542416
264,Guys I heard Sam can't make it tonight is it true?,neither,0.04088481687735316,0.31194672105674426,0.6471684620659026
265,gandsSCANLAN gandsSCANLAN gandsSCANLAN gandsSCANLAN gandsSCANLAN gandsSCANLAN,neither,0.039453208442083915,0.33037608806864915,0.6301707034892671
266,Bidet from the other side!,neither,0.03327491114233562,0.33419674581016506,0.6325283430474993
267,This art is amazing...,neither,0.04738217208941555,0.3291591027958621,0.6234587251147223
268,SOUNDDDDDDD,neither,0.039453208442083915,0.33037608806864915,0.6301707034892671
269,EVERYONE PANIC!,neither,0.033302057094802294,0.4347771796578167,0.5319207632473811
270,TERY......,neither,0.039453208442083915,0.33037608806864915,0.6301707034892671
271,I'm surprised the dice lasted as long as they did. glad I got mine!,neither,0.03612897272646897,0.3795796470178559,0.5842913802556752
272,wait where is Sams giant mug?!,neither,0.0474730141016761,0.30317550298181944,0.6493514829165044
273,Any giveaway tonight?,neither,0.03593546998268386,0.30091899910283626,0.6631455309144799
274,#BRINGBACKSAM'SMUG,neither,0.039453208442083915,0.33037608806864915,0.6301707034892671
275,@brianwfoster yu sexy beast,neither,0.039453208442083915,0.33037608806864915,0.6301707034892671
276,gandsSubHype gandsSubHype gandsSubHype gandsLessthanthree,neither,0.039453208442083915,0.33037608806864915,0.6301707034892671
277,"Hi Tallesin, Amy and Matt",neither,0.0388100252782571,0.2984669517756525,0.6627230229460904
278,"QUESTION: As a person who is not into comics, what is a good entry point? After learning to read with the Archie, Calvin and Hobbes, and Snoopy comics, I have been out of the game for more than 30 years..",neither,0.038616590465514536,0.32115768409388695,0.6402257254405984
279,Ugh that guy,neither,0.03447375705417072,0.3879768021454947,0.5775494408003345
280,comics are evil. also rock and roll. also games. also books. also tv. also life,neither,0.0448233471377572,0.32247582993214835,0.6327008229300944
281,SW Houston here,neither,0.10987629083702158,0.27819406858141443,0.611929640581564
282,bidet from Maine!,neither,0.04069404815304118,0.30931579984010865,0.6499901520068502
283,pirates life for me,neither,0.024936372284803957,0.3943704396528565,0.5806931880623396
284,*** has it started yet,neither,0.038351650970853066,0.32355061781166217,0.6380977312174848
285,Bidet from England :D,neither,0.04071751644889743,0.3089174816120565,0.6503650019390461
286,beep beep,neither,0.039453208442083915,0.33037608806864915,0.6301707034892671
287,"My body is ready, Vox Machina.",neither,0.03405984045513004,0.4250586310005081,0.540881528544362
288,More Machina! :D,neither,0.04408469029590637,0.30680571352599395,0.6491095961780997
289,"If you're not hearing music and seeing art right now, refresh the page",neither,0.04220383050649715,0.3485250626798347,0.6092711068136679
290,Bidet from Pdx,neither,0.04228451509352876,0.2823214250720796,0.6753940598343917
291,Bidet from Los Angeles,neither,0.04078317879478948,0.307803020237201,0.6514138009680096
292,Bidet from Phoenix,neither,0.04066490145509902,0.30981049537100724,0.6495246031738937
293,Bidet from Alabama,neither,0.04078317879478948,0.307803020237201,0.6514138009680096
294,bidet from STL,neither,0.04228451509352876,0.2823214250720796,0.6753940598343917
295,ayy this is the first time im watching live in ages,neither,0.04028593293529633,0.3522265710841473,0.6074874959805562
296,What the hell They're on time?,offensive_language,0.06379824738550083,0.7164937998953644,0.21970795271913465
297,"work has kept me from you wonderful people for too long, Bidet from kauai gandsLessthanthree",neither,0.05781345979422856,0.33415146942533425,0.6080350707804371
298,#CritRoleFTW,neither,0.039453208442083915,0.33037608806864915,0.6301707034892671
299,@denisebrr lol this note,neither,0.03028623300331398,0.39913194972365057,0.5705818172730354
300,Bidet from Singapore!,neither,0.04228451509352876,0.2823214250720796,0.6753940598343917
301,Bidet from Pennsylvania,neither,0.04069404815304118,0.30931579984010865,0.6499901520068502
302,There is music,neither,0.05125166930623616,0.2693449058785665,0.6794034248151973
303,Bidet from Minnesota,neither,0.04071751644889743,0.3089174816120565,0.6503650019390461
304,Hello everyone!,neither,0.03269494828970791,0.4450814005079928,0.5222236512022994
305,Greetings and Salutations from BC Canada!!!!1,neither,0.03963869363818007,0.27461699319284744,0.6857443131689726
306,bidet from the road!,neither,0.03962111800299795,0.2874610269872443,0.6729178550097578
307,hm,neither,0.039453208442083915,0.33037608806864915,0.6301707034892671
308,2 mins left yey,neither,0.039453208442083915,0.33037608806864915,0.6301707034892671
309,I support whatever decisions get made tonight! gandsCrit gandsCrit gandsLessthanthree,neither,0.05892725163100807,0.3127191487479021,0.6283535996210898
310,beep beep from canada,neither,0.04071751644889743,0.3089174816120565,0.6503650019390461
311,bidet all,offensive_language,0.046917543854519406,0.6277741405869331,0.3253083155585475
312,I wondering how long this adventure will go after a kiki quest do they even have goals left for their adventures,neither,0.03746109806074921,0.3172190561713573,0.6453198457678935
313,ew,neither,0.039453208442083915,0.33037608806864915,0.6301707034892671
314,GO SAM GO],neither,0.041905759003635384,0.3389075138231449,0.6191867271732198
315,OMG,neither,0.039453208442083915,0.33037608806864915,0.6301707034892671
316,Why Sam. gandsSCANLAN gandsSCANLAN gandsSCANLAN gandsSCANLAN,neither,0.02578318273544294,0.3504161517690243,0.6238006654955328
317,And that's why Sam is the legend,neither,0.03132103024557163,0.32992188656244764,0.6387570831919807
318,Support 826LA on behalf of Geek & Sundry! https://twitch.streamlabs.com/geekandsundry,neither,0.05364573468689681,0.3323604297529493,0.6139938355601539
319,if only he did the big chew last lol,neither,0.01730027048655665,0.4336227142192649,0.5490770152941784
320,so how died last week/,neither,0.03941207415643151,0.3735387596083255,0.5870491662352431
321,So very gross,neither,0.03941050676468669,0.3777163724972095,0.5828731207381038
322,gands2YearHype gands2YearHype gands2YearHype gands2YearHype gands2YearHype gands2YearHype,neither,0.039453208442083915,0.33037608806864915,0.6301707034892671
323,gands2YearHype gands2YearHype gands2YearHype gands2YearHype gands2YearHype gands2YearHype,neither,0.039453208442083915,0.33037608806864915,0.6301707034892671
324,LMAO no donuts for Travis,neither,0.03367574192703495,0.3309080046157877,0.6354162534571772
325,tary on,neither,0.029837400571737532,0.3797445071048369,0.5904180923234256
326,wooo!,neither,0.039453208442083915,0.33037608806864915,0.6301707034892671
327,Lovecraft mangoKrey,neither,0.039453208442083915,0.33037608806864915,0.6301707034892671
328,For more info and the schedule for the two year anniversary of GnS Live on Twitch! Use this link: bit.ly/gns2yearsanv,neither,0.02298718717605664,0.3170096244794854,0.660003188344458
329,Where do we donate?,neither,0.042651273754474514,0.3005535512808509,0.6567951749646747
330,Go Critters go!,neither,0.04276165647058889,0.34190019769565555,0.6153381458337556
331,Support 826LA on behalf of Geek & Sundry! https://twitch.streamlabs.com/geekandsundry - and visit 826la.org to learn more about the great things they do!,neither,0.052745137848390966,0.3033692697017532,0.6438855924498559
332,hi hi,neither,0.039453208442083915,0.33037608806864915,0.6301707034892671
333,No Taliesin this week?,neither,0.038123146504036184,0.3529507103423722,0.6089261431535916
334,I wanna become famous just so that when I inevitably become a recluse it becomes interesting.,neither,0.030261228894320907,0.40591853421917945,0.5638202368864997
335,heh timezone change nearly threw me. Nearly forgot its an hour ealier now,neither,0.03361026609147797,0.34653271167711275,0.6198570222314091
336,Welcomes all new viewers and subs! <3,neither,0.042998289747962826,0.2771746474816854,0.6798270627703518
337,#KeepDeniseCaged,neither,0.039453208442083915,0.33037608806864915,0.6301707034892671
338,gandsMatt gandsMatt gandsLessthanthree,neither,0.039453208442083915,0.33037608806864915,0.6301707034892671
339,LOVE THE SHIRT OMG ROFL,neither,0.036400385199070684,0.32780386778128723,0.635795747019642
340,"primal, Sam needs to roar",neither,0.04738231922967075,0.3257680321044819,0.6268496486658474
341,so good,neither,0.03814044697628118,0.4245687317089837,0.5372908213147352
342,"i bid you, bidet",neither,0.06316343085517194,0.3955305865942769,0.5413059825505511
343,gandsAJinSpace gandsAJinSpace gandsAJinSpace,neither,0.039453208442083915,0.33037608806864915,0.6301707034892671
344,ResidentSleeper,neither,0.039453208442083915,0.33037608806864915,0.6301707034892671
345,ahh the social media prep time of TalksMachina,neither,0.038097051472756105,0.3324558561636252,0.6294470923636187
346,"@sorcpenz I think it ended awhile ago, but you may be able to get a PDF of the comic?",neither,0.050483720198895306,0.3376482702856901,0.6118680095154146
347,"It's sorted itself, more or less",neither,0.03980707190523142,0.3221095346567129,0.6380833934380556
348,Morning y'all!,neither,0.06196790525498255,0.21215969689978756,0.7258723978452299
349,aw man so close to 100 holy sh*t haha,neither,0.04069233002014549,0.43749528284564215,0.5218123871342123
350,"@thehypertroller, because otherwise nobody can read chat and the mods lose their minds trying to keep up :)",neither,0.03663049538827783,0.3984615862955505,0.5649079183161717
351,Terry you got this,offensive_language,0.07992678652273469,0.5679123887647478,0.35216082471251753
352,Bidet and beep beep all,neither,0.041469474196073816,0.4041736992784376,0.5543568265254885
353,Bidet from Novosibirsk.,neither,0.04228451509352876,0.2823214250720796,0.6753940598343917
354,@supersentaifan i would ridAw,neither,0.03799062897214823,0.3181286358880187,0.6438807351398331
355,Bidet from France ! Bip bip !,neither,0.04071751644889743,0.3089174816120565,0.6503650019390461
356,BIDET,neither,0.039453208442083915,0.33037608806864915,0.6301707034892671
357,Savage.,neither,0.039453208442083915,0.33037608806864915,0.6301707034892671
358,Bidet for Ohio,neither,0.03230642378606592,0.2947176413993014,0.6729759348146326
359,sad I wont be able to watch tonight D:<,neither,0.046902367488078175,0.3116363167579805,0.6414613157539414
360,I am SO glad to be back with the Crit role Crew!,neither,0.0350559846101075,0.37580120266638106,0.5891428127235113
361,Bidet Stage crew!,neither,0.039453208442083915,0.33037608806864915,0.6301707034892671
362,BACK,neither,0.039453208442083915,0.33037608806864915,0.6301707034892671
363,got it,neither,0.033384131469087024,0.4408120912412251,0.525803777289688
364,Refresh,neither,0.039453208442083915,0.33037608806864915,0.6301707034892671
365,is the show longer this week?,neither,0.06305455635322603,0.2424495999919901,0.694495843654784
366,"GeekandSundry, is it going to be open to everyone the missing portion?",neither,0.048406904874829834,0.4090564446984885,0.5425366504266816
367,What is it w/the Bidet's?,neither,0.06381433211955574,0.28994026960650265,0.6462453982739417
368,Ohhhhh man,neither,0.03960927059015994,0.4022054840930064,0.5581852453168337
369,bidet from oregon,neither,0.04071751644889743,0.3089174816120565,0.6503650019390461
370,Bidet from the 9th level of hell :^),offensive_language,0.041093589605505805,0.6457348601481903,0.31317155024630405
371,who is ready to see the trophy from tabletop?!,neither,0.05341596031966992,0.34750222953161325,0.5990818101487168
372,Bidet from Alaska!,neither,0.04066490145509902,0.30981049537100724,0.6495246031738937
373,Ozzie ozzie ozzie!!!!,neither,0.039453208442083915,0.33037608806864915,0.6301707034892671
374,Bidet from DC,neither,0.0408364874901429,0.3068982325524449,0.6522652799574122
375,Bidet from LA,neither,0.040941870550227466,0.3051096069949388,0.6539485224548338
376,finally,neither,0.039453208442083915,0.33037608806864915,0.6301707034892671
377,SAM :D,neither,0.039453208442083915,0.33037608806864915,0.6301707034892671
