,text,top_class,hate_speech,offensive_language,neither
0,gandsFail gandsFail gandsFail gandsFail gandsFail gandsFail gandsFail gandsFail gandsFail gandsFail gandsFail gandsFail gandsFail gandsFail gandsFail gandsFail,neither,0.039453208442083915,0.33037608806864915,0.6301707034892671
1,gandsSubHype gandsSubHype gandsSubHype gandsSubHype gandsSubHype gandsSubHype gandsSubHype gandsSubHype gandsSubHype gandsSubHype,neither,0.039453208442083915,0.33037608806864915,0.6301707034892671
2,ASHHLEY!!!!!,neither,0.039453208442083915,0.33037608806864915,0.6301707034892671
3,They gettin scale for this reading?,neither,0.034473113420363015,0.3071175832588753,0.6584093033207616
4,yay ashley!,neither,0.039453208442083915,0.33037608806864915,0.6301707034892671
5,LOL,neither,0.020706217963973744,0.4882283491876925,0.4910654328483337
6,What is even happening lmao,neither,0.05050332473862973,0.3533318784900481,0.5961647967713222
7,Talesin is corsping so bad and I love it! <3,neither,0.037937139641281134,0.34949001711084304,0.6125728432478758
8,AHAHAHAH,neither,0.039453208442083915,0.33037608806864915,0.6301707034892671
9,Kappa //,neither,0.039453208442083915,0.33037608806864915,0.6301707034892671
10,"*clap, clap, clap*",neither,0.039453208442083915,0.33037608806864915,0.6301707034892671
11,WOOO,neither,0.039453208442083915,0.33037608806864915,0.6301707034892671
12,Lol wit,offensive_language,0.03186380226225606,0.7951345534039421,0.17300164433380186
13,IT SHOULD BE RIGHT AFTER for 60 minutes,neither,0.04145339386772405,0.34813370694523144,0.6104128991870446
14,project alpha,neither,0.039453208442083915,0.33037608806864915,0.6301707034892671
15,kgoth9000 kgoth9000 kgoth9000 kgoth9000 kgothT kgothT kgothT kgothT,neither,0.039453208442083915,0.33037608806864915,0.6301707034892671
16,poor Brian... now he too must deal with the woes of live streams,neither,0.03787022041710584,0.3339831719955786,0.6281466075873156
17,SHOOOOOOOOOW,neither,0.039453208442083915,0.33037608806864915,0.6301707034892671
18,LUL,neither,0.039453208442083915,0.33037608806864915,0.6301707034892671
19,KILL THE DRAGON!!!,hate_speech,0.4875268077950271,0.13806198678656262,0.3744112054184102
20,"@uberbaldy, join us for cinematic universe, plz <3",neither,0.06043919516498746,0.3037926909896422,0.6357681138453704
21,"@Geekandsundry, wouldn't this be better in gaming talk show rather than creative?",neither,0.03547302611807858,0.2966784888446722,0.6678484850372494
22,BibleThump BibleThump BibleThump BibleThump BibleThump,neither,0.039453208442083915,0.33037608806864915,0.6301707034892671
23,gandsFail gandsFail gandsFail gandsFail gandsFail gandsFail gandsFail gandsFail gandsFail gandsFail gandsFail,neither,0.039453208442083915,0.33037608806864915,0.6301707034892671
24,lol Chat chillllll,neither,0.03268081309511458,0.3788960697332784,0.5884231171716071
25,Pit Fiend: http://vignette1.wikia.nocookie.net/forgottenrealms/images/c/ca/4e_pit_fiend.jpg Erinyes: https://s-media-cache-ak0.pinimg.com/564x/0c/02/4e/0c024e2aede9d8491f7ba86051463ffc.jpg,neither,0.0376110257058485,0.27223908357565224,0.6901498907184992
26,atleast they restrained both the baddies to give the kids a chance to get into the mansion,neither,0.04535186077058399,0.3043406945262849,0.6503074447031312
27,Matt can do whatever he wants guys,neither,0.04486023268067511,0.3265128182125551,0.6286269491067699
28,gandsSubHype gandsSubHype gandsSubHype gandsSubHype gandsSubHype gandsSubHype gandsSubHype gandsSubHype,neither,0.039453208442083915,0.33037608806864915,0.6301707034892671
29,"Fellow Critters, join me in a prayer circle for tonights episode. Hopefully no one dies. *joins hands with all of you*",neither,0.03434405147200182,0.4170244065476414,0.5486315419803568
30,Bidet from Germany,neither,0.04069404815304118,0.30931579984010865,0.6499901520068502
31,"I'm currently sitting in a chair covered in ants so I can watch this, just FYI.",neither,0.03983502042593208,0.36227982308244616,0.5978851564916218
32,bidet from michigan,neither,0.04076955598142026,0.3080342349327864,0.6511962090857933
33,"Alpha is a brand new streaming service from Legendary Digital (that's Geek & Sundry, Nerdist, and Smart Girls)! Sign up here to get in the know! http://alphainvite.com/ or tweet @jointeamalpha for more.",neither,0.046977435670987486,0.2723519639430237,0.6806706003859888
34,@LucasBlackstone EXACTLY! Vox Machina is too awesome to kill off!,neither,0.3611356741236543,0.19879822376570133,0.4400661021106443
35,gandsSubHype gandsSubHype gandsSubHype gandsSubHype,neither,0.039453208442083915,0.33037608806864915,0.6301707034892671
36,Lasagna is ready!,neither,0.0475068275549935,0.3276060791521625,0.6248870932928439
37,Bidet from Australia,neither,0.04062582848913359,0.3104736655757561,0.6489005059351104
38,gandsFail gandsFail,neither,0.039453208442083915,0.33037608806864915,0.6301707034892671
39,gandsTeamNoStream,neither,0.039453208442083915,0.33037608806864915,0.6301707034892671
40,gandsFail,neither,0.039453208442083915,0.33037608806864915,0.6301707034892671
41,any they all die,neither,0.27515855694125746,0.14806856668951512,0.5767728763692275
42,WE'RE BACK REFRESH IF YOU CAN'T SEE,neither,0.0480274062853624,0.3905656748738301,0.5614069188408076
43,@GeekandSundry ALL the reddit posts gonna be sooo mad! Kappa,neither,0.039523002423205146,0.4006411092357692,0.5598358883410257
44,does 5e allow for environmental bonuses like if you did some lightning to the water orb would it *** them up even more?,neither,0.032851481512536015,0.4508154197084009,0.5163330987790631
45,take him down to suplex town!,neither,0.046278109267040575,0.3286749012659737,0.6250469894669857
46,spice?spice?spice?,neither,0.039453208442083915,0.33037608806864915,0.6301707034892671
47,jessica_fiumara has 1432 coins,neither,0.03989735448983053,0.32283777050957063,0.6372648750005988
48,Bidet,neither,0.039453208442083915,0.33037608806864915,0.6301707034892671
49,gandsSubHype gandsSubHype gandsSubHype,neither,0.039453208442083915,0.33037608806864915,0.6301707034892671
50,@trep666 salut d'ottawa,neither,0.039453208442083915,0.33037608806864915,0.6301707034892671
51,!wallet,neither,0.039453208442083915,0.33037608806864915,0.6301707034892671
52,Who doesn't watch Internet TV without pants,neither,0.04374896643835228,0.3736621422639467,0.5825888912977011
53,I got into a mini-argument with Sam about the mug being on an episode,neither,0.028567097566751836,0.396337427988285,0.5750954744449631
54,"on alpha now, seems very laggy and slow",neither,0.03689621358149435,0.31127240615152285,0.6518313802669827
55,I DM,neither,0.039453208442083915,0.33037608806864915,0.6301707034892671
56,this is the Internet???,neither,0.04920700013402029,0.307853389905487,0.6429396099604927
57,Vocmachina ships are on,neither,0.06487305361703782,0.29431710625066804,0.6408098401322941
58,than don't call yourselves professional dnd players,neither,0.03918118712826911,0.33499299968314483,0.6258258131885861
59,smoke break till crit role,neither,0.03658468974076096,0.37906233666736144,0.5843529735918777
60,Hi everyone!!!,neither,0.032490659208996964,0.4485487193596734,0.5189606214313296
61,what special stuff do subscribtions get?,neither,0.08344940871012238,0.3133839662482881,0.6031666250415895
62,That music reminded me of FFX,neither,0.0294805790632515,0.4051420239282423,0.5653773970085062
63,Please tell me this is a joke,neither,0.039150529709105486,0.3675216236798912,0.5933278466110032
64,LMFAO SAM R. LADIES AND GENTLEMEN,neither,0.045514787374413335,0.2915798190566402,0.6629053935689464
65,lololol,neither,0.039453208442083915,0.33037608806864915,0.6301707034892671
66,live,neither,0.04891340716200846,0.3271222919257548,0.6239643009122369
67,MARY's ON THIS TALKS,neither,0.03659317606848631,0.3452433942749152,0.6181634296565985
68,@AngelOfMusicOG You're eligible if you've been subscribed since before Nov 17,neither,0.033972408369355236,0.42572894762314817,0.5402986440074966
69,i wont support alpha even for the free 6 months,neither,0.052492340009667626,0.3052392600108366,0.6422683999794958
70,Bidet from freezing Calgary,neither,0.04069404815304118,0.30931579984010865,0.6499901520068502
71,ravenexx has 2258 coins,neither,0.03989735448983053,0.32283777050957063,0.6372648750005988
72,!giveaway,neither,0.039453208442083915,0.33037608806864915,0.6301707034892671
73,Will TalksMachina be on the website after this week? Or only Alpha?,neither,0.03811332363860075,0.3159430553735257,0.6459436209878735
74,"Bidet, got any spice?",neither,0.03809563250463382,0.3792049932999883,0.5826993741953779
75,whoop whoop,neither,0.039453208442083915,0.33037608806864915,0.6301707034892671
76,PIT CREW,neither,0.039453208442083915,0.33037608806864915,0.6301707034892671
77,ALL NIGHT ALL DUSTIN CU,offensive_language,0.03422758087051954,0.5510199757309296,0.4147524433985508
78,gandsPitCrew gandsPitCrew gandsPitCrew gandsPitCrew,neither,0.039453208442083915,0.33037608806864915,0.6301707034892671
79,yo yo gandsSCANLAN,offensive_language,0.04010381111145228,0.5271105317972344,0.4327856570913131
80,And with alpha you dont ever get to see the rechat of the vods,neither,0.043531076206940536,0.3373231840469309,0.6191457397461285
81,@crowley25_17 I am not. I'm on the reddits by the same username though.,neither,0.03636899115300096,0.3572573468004453,0.6063736620465537
82,So I have alpha and am trying to watch it on alpha but it doesn't work -.-,neither,0.039846961523304816,0.34497407368895744,0.6151789647877378
83,lol,neither,0.020706217963973744,0.4882283491876925,0.4910654328483337
84,Yeee Dustin,neither,0.039453208442083915,0.33037608806864915,0.6301707034892671
85,"THE STREAM IS LIVE, REFRESH IF YOU DON'T SEE ANYTHING",neither,0.042539398954153484,0.38217037951086735,0.5752902215349791
86,Are there any player guests tonight? No offense to the pit crew they're great but I'm not interested,neither,0.05486466384236348,0.30638031083467904,0.6387550253229575
87,@Misterbaits aye it is,neither,0.049239757752419684,0.32701004499270936,0.6237501972548709
88,This is my first time watching live.,neither,0.03149054315349041,0.4253585666815433,0.5431508901649664
89,knightofcypwnia has 2973 coins,neither,0.03989735448983053,0.32283777050957063,0.6372648750005988
90,"Bidet, y'all",offensive_language,0.046917543854519406,0.6277741405869331,0.3253083155585475
91,jessicasong has 1082 coins,neither,0.03989735448983053,0.32283777050957063,0.6372648750005988
92,!wallet,neither,0.039453208442083915,0.33037608806864915,0.6301707034892671
93,mishilikki has 2867 coins,neither,0.03989735448983053,0.32283777050957063,0.6372648750005988
94,gandsLessthanthree gandsSubHype gandsSubHype gandsSubHype gandsLessthanthree,neither,0.039453208442083915,0.33037608806864915,0.6301707034892671
95,gandsCrit gandsCrit gandsCrit gandsCrit gandsCrit gandsCrit gandsCrit gandsCrit gandsCrit gandsCrit gandsCrit gandsCrit gandsCrit gandsCrit gandsCrit gandsCrit,neither,0.039453208442083915,0.33037608806864915,0.6301707034892671
96,I love this show. :),neither,0.058333852883543626,0.2379269502309413,0.703739196885515
97,it's a smart call b/c druids have like 2 spells that actually use spell attacks,neither,0.0213984903227594,0.43265148089328137,0.545950028783959
98,gandsSCANLAN gandsSCANLAN gandsSCANLAN gandsSCANLAN gandsSCANLAN,neither,0.039453208442083915,0.33037608806864915,0.6301707034892671
99,oh my god,neither,0.030266422441093326,0.3826887244424903,0.5870448531164164
100,gandsSCANLAN gandsSCANLAN gandsSCANLAN gandsSCANLAN,neither,0.039453208442083915,0.33037608806864915,0.6301707034892671
101,my epilepsy is acting u-- a 34gwaac2bw2,neither,0.03259314810085283,0.4517685725240414,0.5156382793751056
102,I blame Denise,neither,0.039453208442083915,0.33037608806864915,0.6301707034892671
103,KappaPride,neither,0.039453208442083915,0.33037608806864915,0.6301707034892671
104,@GeekandSundry No...we arem,neither,0.03744436065968914,0.3644714776108325,0.5980841617294784
105,hoorayyyy,neither,0.039453208442083915,0.33037608806864915,0.6301707034892671
106,<3,neither,0.039453208442083915,0.33037608806864915,0.6301707034892671
107,So cute!,neither,0.04296880691731001,0.35555683390548976,0.6014743591772002
108,Does Ashley know that Alan Thicke just died?,neither,0.02554344646203089,0.4546772810161797,0.5197792725217893
109,Seriously? *** Alpha.,neither,0.039453208442083915,0.33037608806864915,0.6301707034892671
110,WHAT,neither,0.05777077361680874,0.3180719994247239,0.6241572269584672
111,cheers,neither,0.039453208442083915,0.33037608806864915,0.6301707034892671
112,I have no sound and it keeps feezing,neither,0.03618013952484075,0.3147004935713257,0.6491193669038335
113,@darthflick lol,neither,0.020706217963973744,0.4882283491876925,0.4910654328483337
114,"So, what episode of Critical Role was that, with the dancing. That was rather entertaining.",neither,0.032024219685311286,0.40276914503414696,0.5652066352805419
115,#TPK,neither,0.039453208442083915,0.33037608806864915,0.6301707034892671
116,So who else thinks thordak will explode when he dies?,neither,0.03721588755590577,0.4174098864419004,0.5453742260021938
117,Calling 2 deaths,neither,0.039453208442083915,0.33037608806864915,0.6301707034892671
118,so after listening to Critical Role since august just about everyday monday thru friday. I am finally caught up and able to watch a live episode :),neither,0.044341452980252695,0.3642361367498653,0.5914224102698821
119,God this chat is chaotic.,neither,0.0484431820866449,0.3289766587829815,0.6225801591303737
120,retroGasm retroGasm,neither,0.039453208442083915,0.33037608806864915,0.6301707034892671
121,moon2GASM moon2GASM moon2GASM moon2GASM,neither,0.039453208442083915,0.33037608806864915,0.6301707034892671
122,WICHITA! WHAT?,neither,0.05777077361680874,0.3180719994247239,0.6241572269584672
123,gandsGandsVaxSigil gandsGandsVaxSigil,neither,0.039453208442083915,0.33037608806864915,0.6301707034892671
124,gandsSubHype gandsSubHype gandsSubHype gandsSubHype gandsSubHype gandsSubHype,neither,0.039453208442083915,0.33037608806864915,0.6301707034892671
125,K BYE GUYS,neither,0.03930128346910822,0.33295465135263125,0.6277440651782605
126,is this break or not stareted?,neither,0.04757131391649469,0.33480386717213106,0.6176248189113742
127,Here we go?,neither,0.13156755280784707,0.2765461283225309,0.5918863188696221
128,I LOVE BACKBKLAZE,neither,0.03217296676969875,0.3657703709031763,0.602056662327125
129,It's on!,neither,0.029359548185187243,0.36677741506693295,0.6038630367478798
130,Pike!!,neither,0.039453208442083915,0.33037608806864915,0.6301707034892671
131,sam shirt!,neither,0.039453208442083915,0.33037608806864915,0.6301707034892671
132,gandsSCANLAN,neither,0.039453208442083915,0.33037608806864915,0.6301707034892671
133,gandsSCANLAN gandsSCANLAN gandsSCANLAN gandsSCANLAN gandsSCANLAN gandsSCANLAN gandsSCANLAN gandsSCANLAN gandsSCANLAN gandsSCANLAN gandsSCANLAN gandsSCANLAN gandsSCANLAN gandsSCANLAN gandsSCANLAN,neither,0.039453208442083915,0.33037608806864915,0.6301707034892671
134,"that was awesome, time for a shot",neither,0.0302779257616243,0.3587624431465196,0.610959631091856
135,<3 <3 <3,neither,0.039453208442083915,0.33037608806864915,0.6301707034892671
136,THE DRINK SPILT SOOO MUCH,neither,0.035734330636213105,0.31868428354689715,0.6455813858168897
137,gandsLessthanthree,neither,0.039453208442083915,0.33037608806864915,0.6301707034892671
138,Oooh full cast!,neither,0.05449409083361425,0.32520283890547724,0.6203030702609085
139,Can we fix the audio,neither,0.038810288150467206,0.3152320230786105,0.6459576887709224
140,@baawnie 30 seconds-ish,neither,0.039453208442083915,0.33037608806864915,0.6301707034892671
141,Jesus Crit was killed by Thordak for our sins.,neither,0.035622813361146116,0.33988867472218925,0.6244885119166648
142,yep theyre all pretty loaded lol,neither,0.03501844697842472,0.4218911900263804,0.543090362995195
143,Hmmm...,neither,0.039453208442083915,0.33037608806864915,0.6301707034892671
144,The french horns are back!,neither,0.06048226715617281,0.2776120893895172,0.66190564345431
145,"no, don't cut the feed again",neither,0.036299554406420215,0.35657817268111713,0.6071222729124627
146,frenchhh horrrrnnnss,neither,0.039453208442083915,0.33037608806864915,0.6301707034892671
147,gandsGandsPoo,neither,0.039453208442083915,0.33037608806864915,0.6301707034892671
148,please i may vomit on my self,neither,0.029791784827079486,0.3888236732823732,0.5813845418905474
149,LOL,neither,0.020706217963973744,0.4882283491876925,0.4910654328483337
150,live!,neither,0.04891340716200846,0.3271222919257548,0.6239643009122369
151,IT LIIIIIVES,neither,0.034373745257138544,0.33212314837979673,0.6335031063630647
152,woo!,neither,0.039453208442083915,0.33037608806864915,0.6301707034892671
153,#EnslaveDenise,neither,0.039453208442083915,0.33037608806864915,0.6301707034892671
154,muad dibs guard,neither,0.039453208442083915,0.33037608806864915,0.6301707034892671
155,HYPEEEEE,neither,0.039453208442083915,0.33037608806864915,0.6301707034892671
156,:DDDDDDDDD,neither,0.039453208442083915,0.33037608806864915,0.6301707034892671
157,bidet,neither,0.039453208442083915,0.33037608806864915,0.6301707034892671
158,I can't wait gandsLessthanthree gandsLessthanthree gandsLessthanthree,neither,0.039910734139036584,0.3226106829444422,0.6374785829165213
159,"someone catch me up, we just went chasing after the witch dragon deeper into the hole right",neither,0.03170288563392724,0.37559112626690266,0.5927059880991701
160,BEEP BEEP!,neither,0.039453208442083915,0.33037608806864915,0.6301707034892671
161,Bravi Tutti!,neither,0.039453208442083915,0.33037608806864915,0.6301707034892671
162,I'M NOT READY,neither,0.037412888542706066,0.3380962759290845,0.6244908355282094
163,Bidet from Germany and Happy New Year everyone! <3,neither,0.03779208793137621,0.3013696061941505,0.6608383058744732
164,gandsSCANLAN spice?,neither,0.039453208442083915,0.33037608806864915,0.6301707034892671
165,Bidet from The Yukon,neither,0.03977902577340338,0.2539611253407979,0.7062598488857987
166,ok chat is going off,neither,0.045292728254384185,0.3541240049859738,0.6005832667596419
167,Oh my,neither,0.02748693229954249,0.40236076101129065,0.5701523066891669
168,Bidet from Provo UT,neither,0.04071751644889743,0.3089174816120565,0.6503650019390461
169,its 3 am lets do this!,neither,0.03360610251464962,0.34741292846841626,0.6189809690169341
170,grab a snack and watch them kill big green!,neither,0.2285833473066379,0.2296730510803217,0.5417436016130405
171,Finally caught up and have been waiting for this damn holiday break to be over!,offensive_language,0.038482009905164864,0.5910463389320939,0.3704716511627412
172,omg that was hilarious,neither,0.03540240046149913,0.3752179720147344,0.5893796275237664
173,"Week off work, first time UK timezone allows attendance /o/",neither,0.03391989740859952,0.3452498134064633,0.6208302891849372
174,"Bidet, @SEMPERDISCIPULUS, from upstairs. Kappa NomNom",neither,0.04031924518627951,0.315677184343852,0.6440035704698686
175,Oh Baby!,neither,0.04753725104348948,0.2549415997626293,0.6975211491938813
176,Wow what a great Grog,neither,0.04367406651441763,0.2965361203144906,0.6597898131710916
177,TPKPLZ,neither,0.039453208442083915,0.33037608806864915,0.6301707034892671
178,WOOOOOOOO HERE WE GO!!!!,neither,0.13156755280784707,0.2765461283225309,0.5918863188696221
179,***,neither,0.039453208442083915,0.33037608806864915,0.6301707034892671
180,"""There are worlds out there where the sky is burning, the sea's asleep, and the rivers dream. People made of smoke, and cities made of song. Somewhere there's danger, somewhere there’s injustice, and somewhere else the tea's getting cold. Come on, Ace — we’ve got work to do!"" - The last words spoken on the original run of Doctor Who",neither,0.040751705169958886,0.2983326420918729,0.6609156527381682
181,Tennant! :),neither,0.039453208442083915,0.33037608806864915,0.6301707034892671
182,Cubicle 7 made the game!,neither,0.037640167357106236,0.2538471881841085,0.7085126444587851
183,Does someone play as the Dr then?,neither,0.026654612455072026,0.443617617418864,0.529727770126064
184,gandsSubHype gandsSubHype,neither,0.039453208442083915,0.33037608806864915,0.6301707034892671
185,nooooo,neither,0.039453208442083915,0.33037608806864915,0.6301707034892671
186,PRANKED,neither,0.039453208442083915,0.33037608806864915,0.6301707034892671
187,bidet and beep beep for 40 degrees Sydney!,neither,0.03463743224722247,0.2813026637205403,0.6840599040322373
188,SOUND,neither,0.039453208442083915,0.33037608806864915,0.6301707034892671
189,Why don't they show the behind the scenes guys getting ready for crit role any more???,neither,0.03483688885567336,0.3005264696841643,0.6646366414601623
190,yay!!!!!!!!!!!!!!!!!,neither,0.039453208442083915,0.33037608806864915,0.6301707034892671
191,13 month aniversary!,neither,0.039453208442083915,0.33037608806864915,0.6301707034892671
192,Bidet from Auckland NZ,neither,0.04228451509352876,0.2823214250720796,0.6753940598343917
193,Same @ln_dragonsong,neither,0.04148851938089603,0.3488915597363099,0.6096199208827939
194,swiftfingers : no worries :D,neither,0.03848957175417732,0.3467315175537778,0.6147789106920449
195,"If travis would ever get his AC to 20 he would enter altered beast mode, but the character is just an endless well of HP",neither,0.043051156387790696,0.3509880326958985,0.6059608109163108
196,"""Brian will not let me leave. Please send help!""",neither,0.02524198931049035,0.3650646229355673,0.6096933877539423
197,Hey Brian - how was your first D&D game?,neither,0.0545373810630732,0.2931191112582555,0.6523435076786713
198,Brian Wayne Foster hosts Critical Role After Show.,neither,0.047974962600275686,0.2863078116601487,0.6657172257395756
199,ETA till show time?,neither,0.05687281916500364,0.26270007974589643,0.6804271010891
200,@eggtog redbox? What do u mean crit role on redbox?,neither,0.043248795705005984,0.3392383532262365,0.6175128510687575
201,Bidet and Beep Beep From Wisconsin,neither,0.039674772959784124,0.2657684621551347,0.6945567648850811
202,"No Scanlan today tho, his wife is showcasing a movie she directed at sundance",neither,0.06508245699780378,0.38335037567276653,0.5515671673294296
203,when does it start?,offensive_language,0.01665714390620927,0.5095962980709364,0.4737465580228543
204,"Bidet from Plano, TX!",neither,0.040473471510038425,0.3130595611310317,0.6464669673589301
205,"Art from the bathtub, can't wait. no words.",neither,0.03911475001063745,0.3100687087488745,0.6508165412404879
206,Beep Beep from denmark!!,neither,0.04228451509352876,0.2823214250720796,0.6753940598343917
207,woot woot,neither,0.039453208442083915,0.33037608806864915,0.6301707034892671
208,bidet from nyc!,neither,0.040817483668844766,0.3072207769958956,0.6519617393352596
209,DrakoLich? Is tibs coming back as a BAD GUY?!,neither,0.04107118084645641,0.3686956228709432,0.5902331962826004
210,Woo!,neither,0.039453208442083915,0.33037608806864915,0.6301707034892671
211,omg,neither,0.039453208442083915,0.33037608806864915,0.6301707034892671
212,juggs or not XD,neither,0.036834089459308036,0.34034380278894394,0.6228221077517478
213,LUL,neither,0.039453208442083915,0.33037608806864915,0.6301707034892671
214,Maybe Denise is Brian Foster in Pretty Frocks....,neither,0.04540255652431213,0.3283298344522299,0.6262676090234579
215,BAILEY,neither,0.039453208442083915,0.33037608806864915,0.6301707034892671
216,#FreeDenise,neither,0.039453208442083915,0.33037608806864915,0.6301707034892671
217,L I V E B O Y S,neither,0.039453208442083915,0.33037608806864915,0.6301707034892671
218,Aaahhh there is still no stream!!!,neither,0.045439998246182514,0.3150320316859482,0.6395279700678693
219,#FIX HIM,neither,0.039286977096751115,0.333197467828188,0.6275155550750611
220,I'm here,neither,0.22097653003277068,0.2221615150675793,0.55686195489965
221,"Bidet from (unfortunately) North Carolina! SAVE THE GNOME, SAVE THE WORLD!!!!! gandsSCANLAN gandsSCANLAN gandsSCANLAN gandsSCANLAN gandsSCANLAN gandsSCANLAN gandsSCANLAN",neither,0.03906310888042025,0.3043549326243181,0.6565819584952618
222,texas here,neither,0.11413007609617153,0.2757115459036424,0.610158378000186
223,Dont forget the Deck of Many things,neither,0.038761170742848065,0.3177880025818312,0.6434508266753207
224,Bidet Washington State,neither,0.07787437543398387,0.21701253638833728,0.7051130881776788
225,gandsCrit gandsGandsPoo gandsNatTwenty gandsGnSBigsby,neither,0.039453208442083915,0.33037608806864915,0.6301707034892671
226,Hey Howdy,neither,0.039453208442083915,0.33037608806864915,0.6301707034892671
227,Mt. Dew....Check,neither,0.039453208442083915,0.33037608806864915,0.6301707034892671
228,#ResurrectionNotDrugs,neither,0.039453208442083915,0.33037608806864915,0.6301707034892671
229,gandsSCANLAN gandsSCANLAN gandsSCANLAN gandsSCANLAN gandsSCANLAN,neither,0.039453208442083915,0.33037608806864915,0.6301707034892671
230,there restarted app and its up,neither,0.03048054808715315,0.2994246481308521,0.6700948037819948
231,bidet from Critical Vapors in Vancouver Washington!,neither,0.040419823882947695,0.3139701013719113,0.645610074745141
232,gandsSCANLAN,neither,0.039453208442083915,0.33037608806864915,0.6301707034892671
233,Sanland shall rise again gandsSCANLAN,neither,0.03783985056574631,0.35775898175863513,0.6044011676756186
234,bidet!,neither,0.039453208442083915,0.33037608806864915,0.6301707034892671
235,bidet,neither,0.039453208442083915,0.33037608806864915,0.6301707034892671
236,gandsSCANLAN gandsSCANLAN gandsSCANLAN gandsSCANLAN gandsSCANLAN gandsSCANLAN gandsSCANLAN gandsSCANLAN,neither,0.039453208442083915,0.33037608806864915,0.6301707034892671
237,superboydrew has 18256 coins,neither,0.03989735448983053,0.32283777050957063,0.6372648750005988
238,Bidet from Tokayo Japan,neither,0.04069404815304118,0.30931579984010865,0.6499901520068502
239,no sound here either,neither,0.0911984945367422,0.30335630507135164,0.6054452003919061
240,is there no music?,neither,0.048898560522484126,0.2919693408662267,0.6591320986112892
241,"Bidet from Knoxville, TN! <3",neither,0.040372734744969364,0.3147693269362608,0.6448579383187697
242,folks even wow,neither,0.038462713769324336,0.3471873676504878,0.6143499185801881
243,She grew too strong,neither,0.04055761297556895,0.4170607361738476,0.5423816508505835
244,Oh Shiiittt,neither,0.0450478101092574,0.2772031091301225,0.6777490807606199
245,MATTHEW! <3<3<3,neither,0.039453208442083915,0.33037608806864915,0.6301707034892671
246,yayyyyyyy,neither,0.039453208442083915,0.33037608806864915,0.6301707034892671
247,"yes, Yes!",neither,0.039453208442083915,0.33037608806864915,0.6301707034892671
248,gandsLessthanthree gandsLessthanthree gandsLessthanthree gandsLessthanthree,neither,0.039453208442083915,0.33037608806864915,0.6301707034892671
249,lol,neither,0.020706217963973744,0.4882283491876925,0.4910654328483337
250,Bidet from Virginia Beach,neither,0.04045413474999068,0.3133877564139642,0.6461581088360451
251,gandsLessthanthree gandsSCANLAN,neither,0.039453208442083915,0.33037608806864915,0.6301707034892671
252,Knew I recognized Travis as the warlord gandsDrink,neither,0.03692054796309952,0.3463391204916078,0.6167403315452928
253,*** YEAH,offensive_language,0.013968601452186464,0.5182923869769311,0.4677390115708824
254,Where is it?,neither,0.0558200672083424,0.2701646777658661,0.6740152550257914
255,http://www.strawpoll.me/12306230 Poll for who Sam should prank,neither,0.03558013100361092,0.31727943779333195,0.6471404312030572
256,INB4 non-lethal quivering palm! Don't throw another shitstorm over it!,neither,0.05992219093081265,0.2909869456856577,0.6490908633835296
257,aww no pike,neither,0.03841525844964217,0.3479928082740095,0.6135919332763483
258,Be pleased from Singapore!,neither,0.04120417896879982,0.31414125076671,0.6446545702644904
259,good evening everyone!! Who's ready?!?,neither,0.03434970866935843,0.4644150961003644,0.5012351952302772
260,Bidet from Tennessee,neither,0.04071751644889743,0.3089174816120565,0.6503650019390461
261,REfresh,neither,0.039453208442083915,0.33037608806864915,0.6301707034892671
262,Bidet Critters!,neither,0.039453208442083915,0.33037608806864915,0.6301707034892671
263,what time does this madness begin again?,neither,0.030801298230354737,0.4483240820380237,0.5208746197316216
264,Welcomes all new viewers and subs! <3,neither,0.042998289747962826,0.2771746474816854,0.6798270627703518
265,Bidet from Ottawa!,neither,0.04228451509352876,0.2823214250720796,0.6753940598343917
266,Bidet from Edmonton,neither,0.04228451509352876,0.2823214250720796,0.6753940598343917
267,bidet from san francisco,neither,0.04039184050312168,0.31444505235836057,0.6451631071385178
268,@iblizzard 2 months til your G&S logo Kreygasm,neither,0.06597038960025119,0.323017684367966,0.6110119260317829
269,oh *** im gonna fuckin cummm hhhuuueeeegggghhhhhhhhhhhhhhhhhh,offensive_language,0.08144239239527977,0.9132070989400056,0.005350508664714546
270,hype,neither,0.039453208442083915,0.33037608806864915,0.6301707034892671
271,"@InsAnimeGamer After looking through the Deck, I don't think there is anything there that they couldn't handle. Soul being sucked away or being imprisoned is simply another adventure hook",neither,0.055270584943484746,0.289161245993554,0.6555681690629613
272,lets see what devistation they get up to this week,neither,0.04639174278378315,0.3882445652575274,0.5653636919586895
273,"I actually get to watch from the beginning today, this is novel",neither,0.054595121148298176,0.2909320462733108,0.6544728325783911
274,gandsSCANLAN gandsSCANLAN gandsSCANLAN,neither,0.039453208442083915,0.33037608806864915,0.6301707034892671
275,lupusdream has 396 coins,neither,0.03989735448983053,0.32283777050957063,0.6372648750005988
276,LET'S GET THIS SHOW ON THE ROOOOOOOOOAD,neither,0.030321986367262806,0.28665714852583546,0.6830208651069017
277,a u i d o,neither,0.039453208442083915,0.33037608806864915,0.6301707034892671
278,"Heh, I can hear everything he's saying in my head",neither,0.028939849736627863,0.4045488555680426,0.5665112946953295
279,Reeee,neither,0.039453208442083915,0.33037608806864915,0.6301707034892671
280,Thabk you crew. y'all are awesome!,neither,0.09617949466622157,0.4075794431183701,0.4962410622154084
281,!wallet,neither,0.039453208442083915,0.33037608806864915,0.6301707034892671
282,The big cup is gone,neither,0.029215190801300975,0.3740107955275375,0.5967740136711617
283,I GOT MINE!!!!!,neither,0.03751444346626142,0.4004507348491413,0.5620348216845972
284,"Holy crap the mug! Good attention to detail, Sam. Nice!",neither,0.04241099931345182,0.3184695497734965,0.6391194509130518
285,Superman wins every fight he participates in. Unless there is magic or Kryptonite or a red sun,neither,0.04628419292801755,0.3056592625148189,0.6480565445571635
286,I made chili too!,neither,0.039193143121934164,0.3347900752679918,0.6260167816100741
287,Dad drama,neither,0.039453208442083915,0.33037608806864915,0.6301707034892671
288,"None, cats only go in there if you don't want them to be there.",neither,0.0521731614861239,0.23005829403253245,0.7177685444813435
289,"@efermiumeral Thank you! lol, Iced tea sounds super yum right now. Making some for myself. :D",neither,0.034137373743708815,0.3812910493510914,0.5845715769051998
290,@zaltoe that sounds awesome!!,neither,0.03537328463621205,0.3747921102284513,0.5898346051353366
291,Chic Tracts?,neither,0.039453208442083915,0.33037608806864915,0.6301707034892671
292,Bidet from Baton Rouge,neither,0.0403346775361176,0.31541525709187607,0.6442500653720065
293,bidet from Houston,neither,0.04087547192978788,0.3062365648703896,0.6528879631998226
294,welcome first timers,neither,0.03325065387359805,0.3325094310066284,0.6342399151197736
295,"so, who wants to see a Dragon Turtle?",neither,0.04518235159169642,0.4140523168842513,0.5407653315240523
296,Bidet from England :D,neither,0.04071751644889743,0.3089174816120565,0.6503650019390461
297,Taryon,neither,0.039453208442083915,0.33037608806864915,0.6301707034892671
298,<3,neither,0.039453208442083915,0.33037608806864915,0.6301707034892671
299,gandsSCANLAN gandsSCANLAN gandsSCANLAN gandsSCANLAN gandsSCANLAN,neither,0.039453208442083915,0.33037608806864915,0.6301707034892671
300,"Denise, if you got that made into a sticker or patch I would totally buy it",neither,0.032192864392532224,0.4344608176972639,0.5333463179102039
301,Bidet from Bidet gandsOwl,neither,0.04228451509352876,0.2823214250720796,0.6753940598343917
302,!whenistm TALKS MACHINA simulcast wheniscriticalrole.com/talksmachina,neither,0.039453208442083915,0.33037608806864915,0.6301707034892671
303,BREAK THE SEAL! FREE DENISE!,neither,0.03867142225239921,0.3161211857716838,0.645207391975917
304,Kit Buss is skyping in I believe,neither,0.04577106884442912,0.3282030861669872,0.6260258449885837
305,Bidet from Newfoundland,neither,0.04228451509352876,0.2823214250720796,0.6753940598343917
306,#FREEDENISE,neither,0.039453208442083915,0.33037608806864915,0.6301707034892671
307,bidet from IL,neither,0.04066490145509902,0.30981049537100724,0.6495246031738937
308,Bidet from Knoxville Tennessee!,neither,0.040354386843928725,0.3150807387011266,0.6445648744549448
309,Beep beep. Hey!,neither,0.039453208442083915,0.33037608806864915,0.6301707034892671
310,!wallet,neither,0.039453208442083915,0.33037608806864915,0.6301707034892671
311,gandsMatt Can't wait to see what he has cooked up,neither,0.052761384227152014,0.3540396304287717,0.5931989853440763
312,Bidet from Wichita,neither,0.04228451509352876,0.2823214250720796,0.6753940598343917
313,ayy this is the first time im watching live in ages,neither,0.04028593293529633,0.3522265710841473,0.6074874959805562
314,konnichiwa,neither,0.039453208442083915,0.33037608806864915,0.6301707034892671
315,"Help G&S make great content! $4.99/month gets you emotes, Minecraft server access, Sub Only Q&As, VODs, and more! Every sub keeps the channel alive! twitch.tv/geekandsundry/subscribe",neither,0.04309292492440285,0.3236556544381889,0.6332514206374082
316,can we get any Klingons do verify the authenticity of that pronunciation?,neither,0.03651695564254541,0.3551471396730005,0.6083359046844541
317,such an opportunity for 'skattekist',neither,0.034095426869466636,0.29198644015898584,0.6739181329715476
318,Hello all,neither,0.04217753453783664,0.4373438332385548,0.5204786322236087
319,when does talking critical start?,neither,0.0218607731270901,0.4713003968889649,0.5068388299839449
320,@blackwolf7981 the question is were ytou MO or KS ? lol bidet either way,neither,0.03861285760612811,0.34060178034963645,0.6207853620442354
321,BIDET!!!!,neither,0.039453208442083915,0.33037608806864915,0.6301707034892671
322,"It would be poetic and perfect for him to be dead, but this is a game and he's gonna be back",neither,0.042902389407525394,0.2810883621351102,0.6760092484573644
323,MEEP DEEP from EU.... we need ALL of this awesome social (and general gaming) phenomenon to be MUCH MORE PERSISTENT THROUGHOUT DAILY LIFE!! gl hf all ;),neither,0.04142213274059549,0.3950922477149061,0.5634856195444985
324,Bidet!!,neither,0.039453208442083915,0.33037608806864915,0.6301707034892671
325,Ashley's in town!!!,neither,0.039453208442083915,0.33037608806864915,0.6301707034892671
326,Bidet from Manila!,neither,0.04228451509352876,0.2823214250720796,0.6753940598343917
327,bidet from the OK,neither,0.0395817642342062,0.2817655834101733,0.6786526523556206
328,"Beepbeep, Critters, May the Glory of Booze watch over you all tonight!",neither,0.050588907526627286,0.3590272222627813,0.5903838702105915
329,"Bidet from Saskatoon, Canada!",neither,0.04071751644889743,0.3089174816120565,0.6503650019390461
330,"bidet from Detroit, Michigan",neither,0.0404528956806494,0.31340878665439903,0.6461383176649516
331,yata.,neither,0.039453208442083915,0.33037608806864915,0.6301707034892671
332,"You are watching #GameTheGame with Ivan Van Norman, Becca Scott Kerns and guests! Today's game is. . .Santorini!",neither,0.06439074494239648,0.2751056969480969,0.6605035581095066
333,Oh my :O,neither,0.02748693229954249,0.40236076101129065,0.5701523066891669
334,Haha,neither,0.03186685585600258,0.4591362902570108,0.5089968538869867
335,SAM WHY,neither,0.02578318273544294,0.3504161517690243,0.6238006654955328
336,I just spilled my drink laughing so hard,offensive_language,0.02243230069745587,0.6080408743334691,0.3695268249690751
337,where the double dare physical challenge theme when you need it?,neither,0.041104911294128715,0.3553647632408124,0.6035303254650588
338,HAHAHA,neither,0.039453208442083915,0.33037608806864915,0.6301707034892671
339,gandsSCANLAN gandsSCANLAN gandsSCANLAN gandsSCANLAN gandsSCANLAN gandsSCANLAN gandsSCANLAN gandsSCANLAN gandsSCANLAN gandsSCANLAN gandsSCANLAN gandsSCANLAN,neither,0.039453208442083915,0.33037608806864915,0.6301707034892671
340,ydcbMS,neither,0.039453208442083915,0.33037608806864915,0.6301707034892671
341,"The Critical Role Fan Club on Facebook has over 10,000 members now and I'm a proud member!",neither,0.029298099626794888,0.3283447085427249,0.6423571918304802
342,"Oh man, Sam please don't puke on stream",neither,0.04100823191765714,0.3473340492625674,0.6116577188197756
343,perfect,neither,0.039453208442083915,0.33037608806864915,0.6301707034892671
344,Taliesin needs to scoot the *** over.,neither,0.042755392413943216,0.3064291768663621,0.6508154307196948
345,hello,neither,0.039453208442083915,0.33037608806864915,0.6301707034892671
346,No sleep til 10k,neither,0.0387511231511851,0.3422923077518029,0.6189565690970121
347,hahahahaha,neither,0.039453208442083915,0.33037608806864915,0.6301707034892671
348,pfffft lol,neither,0.020706217963973744,0.4882283491876925,0.4910654328483337
349,This is the b<eginning of a beautiful sitcom,neither,0.045847509407910735,0.3148144599749837,0.6393380306171055
350,SO cool!!!,neither,0.039410949769184814,0.4067560025575799,0.5538330476732353
351,"Everyone be INSANE~! Please, I want to hear ALL the voices.",neither,0.04019018484930651,0.4286204433973237,0.5311893717533699
352,"@CaptainMunden only got about 7 inches, 2 ft was what they were calling for",neither,0.037170215759930736,0.34091272343837875,0.6219170608016904
353,We gat way to much snow then called for XD,neither,0.036758110327486014,0.31065323112199233,0.6525886585505217
354,starpilotsix Loved Cloak & Dagger,neither,0.039453208442083915,0.33037608806864915,0.6301707034892671
355,The current Doctor Strange book is one of the best on the shelf. Run - don't walk - to your LCBS to grab a copy.,neither,0.058755392611786215,0.3170444069110612,0.6242002004771525
356,gandsApplaud gandsApplaud gandsApplaud gandsApplaud gandsApplaud gandsApplaud gandsApplaud gandsApplaud gandsApplaud gandsApplaud,neither,0.039453208442083915,0.33037608806864915,0.6301707034892671
357,#OneOffHype,neither,0.039453208442083915,0.33037608806864915,0.6301707034892671
358,!wheniscr #90,neither,0.039453208442083915,0.33037608806864915,0.6301707034892671
359,CHAT did someone fall last episode?,neither,0.039453208442083915,0.33037608806864915,0.6301707034892671
360,Bidet from Texas <3,neither,0.040937266849991,0.30518774380265185,0.6538749893473571
361,I love all the kiki-dragon pictures <3,neither,0.037275805099187716,0.39362638443881737,0.5690978104619949
362,nice mermaid vex art,neither,0.039453208442083915,0.33037608806864915,0.6301707034892671
363,Bidet from Missouri,neither,0.04071751644889743,0.3089174816120565,0.6503650019390461
364,Bidet from FL,neither,0.04066490145509902,0.30981049537100724,0.6495246031738937
365,gandsSubHype gandsSubHype gandsSubHype gandsSubHype gandsSubHype gandsSubHype gandsSubHype gandsSubHype gandsSubHype gandsSubHype,neither,0.039453208442083915,0.33037608806864915,0.6301707034892671
366,woohoo,neither,0.039453208442083915,0.33037608806864915,0.6301707034892671
367,Pit Crew! gandsLessthanthree,neither,0.039453208442083915,0.33037608806864915,0.6301707034892671
368,THAT SHIRT,neither,0.03372650852319189,0.39315224868718995,0.5731212427896182
