,text,top_class,hate_speech,offensive_language,neither
0,City of Brass.... full of doors,neither,0.052693174209069986,0.32582225671477505,0.6214845690761551
1,Bidet from El Paso!,neither,0.04080695066346891,0.3073995495860776,0.6517934997504536
2,@legalrick2 I wouldnt! The entire story leads together so well. I wouldnt skip any episodes,neither,0.039012828796739035,0.3423308633270559,0.6186563078762051
3,WE're all 3 months subs cause this is a new channel. Please give us a chance I think you'll like us.,neither,0.13444742793878364,0.3311424704510329,0.5344101016101834
4,I think we can leave the real world alone for a night. Lets all enjoy the adventure.,neither,0.028836862371277444,0.394372450890839,0.5767906867378836
5,I really need this this week,neither,0.03907314903121086,0.3321217696099857,0.6288050813588034
6,Leonard Cohen RIP :(,neither,0.039453208442083915,0.33037608806864915,0.6301707034892671
7,"I HEAR VOICES IN MYW HEAD, THEY TALK TO ME THEY UNDERSTAND!!!!",neither,0.026027693109577945,0.3768215747271051,0.5971507321633169
8,gandsSubHype gandsSubHype gandsSubHype gandsSubHype gandsSubHype gandsSubHype gandsSubHype gandsSubHype gandsSubHype gandsSubHype gandsCrit gandsCrit gandsCrit gandsCrit gandsCrit gandsCrit gandsCrit gandsCrit gandsCrit gandsClassic gandsClassic gandsClassic gandsClassic gandsRaid,neither,0.039453208442083915,0.33037608806864915,0.6301707034892671
9,taliesin's hair is so loong,neither,0.05278004940992355,0.395896081581672,0.5513238690084045
10,thank talos pike is with them,neither,0.05056135537537911,0.3738353304187463,0.5756033142058745
11,been waiting for my beautiful Bolivian rosewood dice vault to come in in a little over two weeks. how long did it take you guys?,neither,0.036968351784341394,0.3892097621240351,0.5738218860916234
12,gandsCrit gandsCrit gandsCrit gandsCrit gandsCrit,neither,0.039453208442083915,0.33037608806864915,0.6301707034892671
13,gandsCrit gandsCrit gandsCrit gandsCrit gandsCrit gandsCrit gandsCrit gandsCrit,neither,0.039453208442083915,0.33037608806864915,0.6301707034892671
14,"I'm alright, no alpha for me",neither,0.027992135319402284,0.34997473754917074,0.622033127131427
15,this is Ashley's main squeeze,neither,0.04564671943643315,0.3294484410242055,0.6249048395393615
16,JIF is the best peanut butter,neither,0.04477058696061625,0.308628703577903,0.6466007094614806
17,"PS, is alpha is still down? Just curious.",neither,0.04710614908982725,0.3523854783379257,0.6005083725722471
18,no talks blackscreena,neither,0.03831339492610202,0.3497216981110983,0.6119649069627997
19,"LDN FAIL, Not Pitcrew fail",neither,0.03853834048483826,0.3337995356361727,0.6276621238789889
20,2,neither,0.039453208442083915,0.33037608806864915,0.6301707034892671
21,aww cute!,neither,0.04158039214896191,0.29427222905583195,0.664147378795206
22,lol,neither,0.020706217963973744,0.4882283491876925,0.4910654328483337
23,that's way to awkward to setup every time,neither,0.045322264558590335,0.3680752366644578,0.5866024987769519
24,Eee Matt :D <3,neither,0.039453208442083915,0.33037608806864915,0.6301707034892671
25,gandsTeamNoStream gandsTeamNoStream gandsTeamNoStream,neither,0.039453208442083915,0.33037608806864915,0.6301707034892671
26,gandsTeamNoStream,neither,0.039453208442083915,0.33037608806864915,0.6301707034892671
27,gandsFail gandsFail gandsFail gandsFail,neither,0.039453208442083915,0.33037608806864915,0.6301707034892671
28,gandsFail gandsTeamNoStream gandsTeamNoStream gandsTeamNoStream gandsTeamNoStream gandsTeamNoStream,neither,0.039453208442083915,0.33037608806864915,0.6301707034892671
29,ause then play,neither,0.039453208442083915,0.33037608806864915,0.6301707034892671
30,Bad ***,neither,0.031344872310268085,0.3331649166770195,0.6354902110127125
31,Hamilton references are my fav,neither,0.051716924701993766,0.3822364784520943,0.566046596845912
32,Grog's Shirt lmao,neither,0.03806460693018776,0.3539442796866937,0.6079911133831185
33,starting to think i like watching this post-episode better. stream and cream just doesnt seem stable enough,neither,0.04476163540027238,0.32287684573052544,0.6323615188692021
34,start the pree streem,neither,0.03788710310943202,0.3011090271972751,0.6610038696932931
35,TheyALL gonna DIE!,neither,0.32222352271815197,0.1035382133777535,0.5742382639040945
36,"WordAlchemist, all the public youtube videos aren't caught up, so big spoiler warning unless you watch the videos on GeekAndSundry.com",neither,0.03740991453653129,0.4377813429637001,0.5248087424997685
37,hawksiin!!! 14 months!,neither,0.039453208442083915,0.33037608806864915,0.6301707034892671
38,IT'S HIGH THURSDAY,neither,0.03415414091074378,0.4221583414152095,0.5436875176740467
39,I even registered with twitch just so I could watch live,neither,0.03384819221677545,0.41276241327893,0.5533893945042945
40,bidet from NY,neither,0.040845137705904734,0.30675141581570226,0.6524034464783931
41,If there's a TPK it's probably gonna be Scanlons fault,neither,0.023066551475707672,0.3987002149524301,0.5782332335718622
42,gandsTeamNoStream gandsTeamNoStream gandsTeamNoStream gandsTeamNoStream,neither,0.039453208442083915,0.33037608806864915,0.6301707034892671
43,rooRawr,neither,0.039453208442083915,0.33037608806864915,0.6301707034892671
44,syndiYuno syndiYuno syndiYuno syndiYuno syndiYuno syndiYuno syndiYuno syndiYuno syndiYuno syndiYuno syndiYuno syndiYuno syndiYuno syndiYuno syndiYuno syndiYuno syndiYuno syndiYuno syndiYuno syndiYuno syndiYuno syndiYuno syndiYuno syndiYuno syndiYuno syndiYuno syndiYuno syndiYuno syndiYuno syndiYuno,neither,0.039453208442083915,0.33037608806864915,0.6301707034892671
45,Grog's Spaghetti,neither,0.039453208442083915,0.33037608806864915,0.6301707034892671
46,he can't,neither,0.05292244771790015,0.3159426738227082,0.6311348784593918
47,So Matt either forgot or just decided that this pit fiend doesn't have fear aura,neither,0.03465074866284131,0.3932401924569363,0.5721090588802223
48,laxisepic25 has 2199 coins,neither,0.03989735448983053,0.32283777050957063,0.6372648750005988
49,The Critters after-party begins!!!!,neither,0.038656221570818834,0.3158379841845939,0.6455057942445872
50,#SaveBoris,neither,0.039453208442083915,0.33037608806864915,0.6301707034892671
51,Beep Beep from MAryland,neither,0.04066490145509902,0.30981049537100724,0.6495246031738937
52,Thank goodness for Twitter. I almost forgot to come in!,neither,0.03743618795474927,0.40166516024280097,0.5608986518024498
53,"Disagree, if everyone is on skype",neither,0.02601941539318515,0.4453144477600244,0.5286661368467904
54,But seriously guys... Spice?,neither,0.03640943348700869,0.34085588256913396,0.6227346839438573
55,I'm so happy I just finished my research paper and I'm rewarding myself with this,neither,0.024062068074955617,0.41894887290265853,0.5569890590223857
56,starwolfess has 2264 coins,neither,0.03989735448983053,0.32283777050957063,0.6372648750005988
57,"@Pixiestixs I recommend waiting to catch up, this will have way to many spoilers from where you're at",neither,0.07445860589948629,0.3433537008837871,0.5821876932167267
58,bidet from virginia!!,neither,0.04079557052152802,0.3075927002946183,0.6516117291838538
59,looking forward to this my firrsr livestream,neither,0.03474935168238201,0.3960439053490746,0.5692067429685433
60,bidet from Colorado,neither,0.04066490145509902,0.30981049537100724,0.6495246031738937
61,!wallet,neither,0.039453208442083915,0.33037608806864915,0.6301707034892671
62,No TPK! Positive energy to all of Vox Machina! No characters die!,neither,0.13076649353853828,0.24997499662084566,0.6192585098406161
63,Yes jhonny grog is a type of old ale,neither,0.048302963206237066,0.3273322515944199,0.6243647851993429
64,You know Larkin the dwarf spellcaster,neither,0.056925517672224125,0.3611339165743001,0.5819405657534757
65,TableHere,neither,0.039453208442083915,0.33037608806864915,0.6301707034892671
66,Oh my gosh!!!!!!!!!,neither,0.032369329163266534,0.3691666553057533,0.59846401553098
67,Wooooo!!! yeah fun time!,neither,0.020996013199456102,0.4719830471283836,0.5070209396721603
68,audio sync is off,neither,0.04817463727518112,0.327376388766573,0.624448973958246
69,Bidet from Copenhagen!,neither,0.04228451509352876,0.2823214250720796,0.6753940598343917
70,LOL,neither,0.020706217963973744,0.4882283491876925,0.4910654328483337
71,LOL,neither,0.020706217963973744,0.4882283491876925,0.4910654328483337
72,gandsSCANLAN gandsSCANLAN gandsSCANLAN gandsSCANLAN gandsSCANLAN gandsSCANLAN,neither,0.039453208442083915,0.33037608806864915,0.6301707034892671
73,My *** god... words fail me,neither,0.02443619268932868,0.43879514457436136,0.53676866273631
74,gandsGandsPoo gandsGandsPoo gandsGandsPoo gandsGandsPoo gandsGandsPoo gandsGandsPoo gandsGandsPoo gandsGandsPoo gandsGandsPoo,neither,0.039453208442083915,0.33037608806864915,0.6301707034892671
75,"""drawaing what acid does to your brain.""",neither,0.058687211950203065,0.4244135360114251,0.5168992520383718
76,IT'S THURSDAY MY DUDES,neither,0.027176770590922262,0.417999444957747,0.5548237844513306
77,ive watched basically every d&D show online lol,neither,0.04328801546622271,0.31565072433454816,0.6410612601992289
78,Hardwick is taffey!!!,neither,0.08117275035893902,0.3160268245287109,0.60280042511235
79,"""Check out the DIck and Johnson""",offensive_language,0.05504649616075482,0.7924675293237535,0.15248597451549165
80,bidet from taiwan,neither,0.04228451509352876,0.2823214250720796,0.6753940598343917
81,"says ""Beep beep"" to chat and bows.",neither,0.04427297231846968,0.2944929327989617,0.6612340948825687
82,Yay!,neither,0.039453208442083915,0.33037608806864915,0.6301707034892671
83,Hi The Last of Us part 2 star other half! :),neither,0.06404469133006943,0.31482001286929345,0.6211352958006371
84,PIT CREW FTW,neither,0.039453208442083915,0.33037608806864915,0.6301707034892671
85,gandsPitCrew,neither,0.039453208442083915,0.33037608806864915,0.6301707034892671
86,Denise's crush,neither,0.039453208442083915,0.33037608806864915,0.6301707034892671
87,whiffed that high 5,offensive_language,0.028729195818670263,0.5148919599749233,0.4563788442064065
88,Alpha b a mis take,neither,0.039453208442083915,0.33037608806864915,0.6301707034892671
89,passes @Davidguy a coffee...you're gonna need this,neither,0.08583800016456082,0.2410599058315257,0.6731020940039134
90,"@Davidguy, do you know if there's a specific reason why it'll be only streamed on alpha? because i think twitch got a far bigger range viewerwise :o",neither,0.030634605096843126,0.3861796075206936,0.5831857873824632
91,ok ty,neither,0.03939779085134877,0.3313166692118113,0.6292855399368399
92,@midwest_surfer It is NOT just you,neither,0.07133082064484225,0.4553432633743402,0.4733259159808175
93,@hartman_ The main people who keep the twitch channel running,neither,0.05590639826618973,0.3467719350531363,0.597321666680674
94,I'm working on making my setting for one of m6 campaigns right now,neither,0.02579968481538784,0.40067605263737294,0.5735242625472391
95,@MeggieMay328 Are you from NY? It is snowing bad here,neither,0.18016932111777434,0.2594144936834912,0.5604161851987346
96,"We most likely don't know what the exact song that's playing is, but chances are it's from OverClocked ReMix! ocremix.org",neither,0.05370311096414692,0.3181503198914469,0.6281465691444061
97,Bidet from the other side. Critical role so good we tuning in from heaven now. Spice?,neither,0.03686400035705638,0.3468200218884929,0.6163159777544508
98,is there any sound,neither,0.048908545145270516,0.27978786719777204,0.6713035876569573
99,bidet from indiana,neither,0.0408364874901429,0.3068982325524449,0.6522652799574122
100,@ajxdragon24 Another Indianan,neither,0.1972848274561706,0.17136376144574764,0.6313514110980817
101,"Please join us in thanking Dustin and the awesome Pit Crew for all their tech wrangling, show-running and community spirit! Dustin is moving on to new adventures on Dec 17th! #ThankYouPitCrew",neither,0.06059311958593638,0.2534831867597128,0.6859236936543509
102,"that *** was heavy, i love it",neither,0.031532653116075324,0.3881669820743677,0.5803003648095569
103,gandsSubHype gandsTrinket gandsSubHype gandsTrinket,neither,0.039453208442083915,0.33037608806864915,0.6301707034892671
104,gandsSubHype gandsSubHype gandsSubHype gandsSubHype gandsSubHype gandsSubHype gandsSubHype gandsSubHype gandsLessthanthree gandsLessthanthree gandsLessthanthree gandsLessthanthree gandsLessthanthree gandsLessthanthree,neither,0.039453208442083915,0.33037608806864915,0.6301707034892671
105,gandsSubHype gandsSubHype gandsSubHype gandsSubHype gandsSubHype gandsSubHype gandsSubHype gandsSubHype gandsSubHype gandsSubHype gandsSubHype gandsSubHype gandsSubHype,neither,0.039453208442083915,0.33037608806864915,0.6301707034892671
106,:( :( :( :(,neither,0.039453208442083915,0.33037608806864915,0.6301707034892671
107,boooo! jeje,neither,0.039453208442083915,0.33037608806864915,0.6301707034892671
108,no grog... almost unwatchable,neither,0.038181730787493484,0.35195638215930564,0.6098618870532009
109,@Grog_Strongjaw Denise is Raishan?,neither,0.08117275035893902,0.3160268245287109,0.60280042511235
110,gandsSCANLAN gandsSCANLAN gandsSCANLAN gandsSCANLAN gandsSCANLAN,neither,0.039453208442083915,0.33037608806864915,0.6301707034892671
111,AHAHAHAHAHAHA,neither,0.039453208442083915,0.33037608806864915,0.6301707034892671
112,gandsDrink,neither,0.039453208442083915,0.33037608806864915,0.6301707034892671
113,why did he go scottish?!,neither,0.03220660540957177,0.3537386829559513,0.6140547116344768
114,Thanks for the hard work Pit Crew!!,neither,0.02756544362099964,0.4481555593525914,0.524278997026409
115,"All praise Denise, our guardian and protector",neither,0.04015436333370197,0.35722828430377657,0.6026173523625216
116,"Hey guys, let's not #BLAMEALPHA. We're all on the same team, k?",neither,0.0357396297536086,0.397787003099368,0.5664733671470235
117,We're on the internet,neither,0.05512242211054436,0.29811850698224873,0.6467590709072071
118,The awkward highschool special :p,neither,0.06545152906427346,0.3016159916131925,0.6329324793225339
119,"yeah, I can hear it fine, it's just I have my volume on max, and it should be way louder than it is",neither,0.028950141364151524,0.43309236549745495,0.5379574931383935
120,"Thing about Dracolichs is that theyre weaker than Ancient red dragons... And to a group of level 13-15s, an ancient red dragon is nothing. This leads me to believe that matt has simply buffed Thordak immensely. But i guess we'll see.",neither,0.04038172468238881,0.3726296067007328,0.5869886686168783
121,TPK ALL DAY,neither,0.044711544268415136,0.4543906108237455,0.5008978449078394
122,BrolynNightfury The stone fused with him or something,neither,0.02877911612511953,0.35149786874785416,0.6197230151270263
123,its obviously scripted. VM will win over thordak. Raishon will reveal herself and we'll be left with a cliffhanger.,neither,0.03041736502809393,0.30827627362543875,0.6613063613464674
124,Larkin will kill thordak then try to kill Gilmore,hate_speech,0.7110768739371397,0.07991507576404544,0.2090080502988148
125,No sleep tonight for those of us not on the west coast,neither,0.06935108491149987,0.2625151855032485,0.6681337295852516
126,bedet = something between good day or be pleased?,neither,0.039688456092887084,0.3220139996066413,0.6382975443004716
127,quick flood Sam's twitter about the whistle :D:D:D,neither,0.03730715600488885,0.4088039958724787,0.5538888481226324
128,#PitCrewBestCrew <3 <3 <3,neither,0.039453208442083915,0.33037608806864915,0.6301707034892671
129,here we go!,neither,0.13156755280784707,0.2765461283225309,0.5918863188696221
130,SHIIIIIIIIT,neither,0.039453208442083915,0.33037608806864915,0.6301707034892671
131,"may the force be with us. star wars cr fans waiting in line for rogue one, grant us strength.",neither,0.05847384946521129,0.3260288851972743,0.6154972653375144
132,TPK!!!!,neither,0.039453208442083915,0.33037608806864915,0.6301707034892671
133,@bingarff93 hey there,neither,0.03936787062277591,0.26767823129172763,0.6929538980854965
134,I'M SO SCARED,neither,0.03940885138636832,0.3986148855256441,0.5619762630879874
135,"Bidet and Beep Beep from Maryland, USA",neither,0.039612112770598236,0.2814414237958346,0.6789464634335672
136,Summon J 'man Sa'Ord!!!,neither,0.039623186577675884,0.40662026348059377,0.5537565499417304
137,LETS GOO,neither,0.0381375099945381,0.3527069244228318,0.6091555655826302
138,gandsLessthanthree gandsLessthanthree gandsLessthanthree gandsLessthanthree gandsLessthanthree,neither,0.039453208442083915,0.33037608806864915,0.6301707034892671
139,GOLDEN Kappa TEST,neither,0.039453208442083915,0.33037608806864915,0.6301707034892671
140,hype?,neither,0.039453208442083915,0.33037608806864915,0.6301707034892671
141,HERE WE GO,neither,0.13156755280784707,0.2765461283225309,0.5918863188696221
142,Aaaaaah!!!!!!,neither,0.039453208442083915,0.33037608806864915,0.6301707034892671
143,#woot,neither,0.039453208442083915,0.33037608806864915,0.6301707034892671
144,YASSSSSS,neither,0.039453208442083915,0.33037608806864915,0.6301707034892671
145,gandsSubHype gandsSubHype gandsSubHype gandsSubHype gandsSubHype gandsSubHype gandsSubHype gandsSubHype gandsSubHype gandsSubHype gandsSubHype gandsSubHype gandsSubHype,neither,0.039453208442083915,0.33037608806864915,0.6301707034892671
146,Ah man i hope they dont end the year with a clifhanger,neither,0.05343096974425264,0.30316924715420696,0.6433997831015403
147,"no slow mode, no subonly, no cheer minimum!?!?!",neither,0.038032773876089984,0.3544845696923839,0.607482656431526
148,of the year,neither,0.03804280235464332,0.3041620753621768,0.65779512228318
149,someone will die,neither,0.26061172917036296,0.08316202047415308,0.6562262503554839
150,gandsSCANLAN gandsCrit,neither,0.039453208442083915,0.33037608806864915,0.6301707034892671
151,First live episode love these cats!,neither,0.04385195255957815,0.2594717878716507,0.6966762595687712
152,lol,neither,0.020706217963973744,0.4882283491876925,0.4910654328483337
153,and this is the last funny thing that will happen all night,neither,0.03630740451319092,0.3608251924185907,0.6028674030682184
154,ONE MOAR LEVEL,neither,0.038664842012634516,0.35934668622507715,0.6019884717622884
155,I'm 21 moth old sub <3 <3,neither,0.039453208442083915,0.33037608806864915,0.6301707034892671
156,Talesin's onesie is the best,neither,0.05135998456280659,0.2889087219359037,0.6597312935012896
157,Pit Creeeeeeeeeeeeeeeeww! Pit Crew! twitter.com/pit_cru twitch.tv/pit_crew,neither,0.039083130642922924,0.3872425571460458,0.5736743122110314
158,I wear my watch on my dominant hand,neither,0.02315625943085204,0.4862202543022612,0.4906234862668867
159,"thanks Sam riegel for inspiring mty character Two-Score tenpence, he is my christmas gift from you crazy idiots",neither,0.037356855335397406,0.3983513794006065,0.5642917652639962
160,LOL Laura finding more chocolate,neither,0.03384201420137301,0.37254746442652587,0.5936105213721011
161,gandsGandsPoo gandsSCANLAN,neither,0.039453208442083915,0.33037608806864915,0.6301707034892671
162,gandsGandsPoo gandsGandsPoo gandsGandsPoo gandsGandsPoo gandsGandsPoo gandsGandsPoo,neither,0.039453208442083915,0.33037608806864915,0.6301707034892671
163,Best good episode Keepo,neither,0.03778732327828924,0.32243496298324825,0.6397777137384625
164,gandsSubHype gandsSubHype gandsSubHype gandsSubHype gandsSubHype gandsSubHype,neither,0.039453208442083915,0.33037608806864915,0.6301707034892671
165,a sign!,neither,0.039453208442083915,0.33037608806864915,0.6301707034892671
166,the titles taste like titlesberries,neither,0.049165819454866776,0.3287152168929632,0.6221189636521701
167,Omg,neither,0.039453208442083915,0.33037608806864915,0.6301707034892671
168,Bidet from Provo UT,neither,0.04071751644889743,0.3089174816120565,0.6503650019390461
169,"someone catch me up, we just went chasing after the witch dragon deeper into the hole right",neither,0.03170288563392724,0.37559112626690266,0.5927059880991701
170,Bidet from California!,neither,0.06971251856910228,0.2972619859879888,0.633025495442909
171,All these artists fail to remember that Pike is a DEEP GNOME in their depictions of he.,neither,0.05929779025384865,0.4506222536610548,0.4900799560850966
172,beep beep from san francisco,neither,0.04039184050312168,0.31444505235836057,0.6451631071385178
173,"Not only do they have half the people they had for the Thordak fight, they have blown all of their big spells already as well",neither,0.036843884785976805,0.3909659762822617,0.5721901389317616
174,Bidet from Va! Can't wait to meet Matt and Marisha tomorrow at MAGfest!,neither,0.04341968598129962,0.3032497548363569,0.6533305591823434
175,"Hello from the Gold Coast, Australia!",neither,0.039538756803552004,0.3072672771333597,0.6531939660630883
176,dammit! i'm like 3/4 done with 79 D:,neither,0.03707053844849326,0.3820897491256234,0.5808397124258833
177,AHHHHHH VEX!,neither,0.039453208442083915,0.33037608806864915,0.6301707034892671
178,bide critters!!!,neither,0.039453208442083915,0.33037608806864915,0.6301707034892671
179,bidet from texas!,neither,0.040937266849991,0.30518774380265185,0.6538749893473571
180,"Bidet from Winnipeg, Manitoba! :D",neither,0.04228451509352876,0.2823214250720796,0.6753940598343917
181,Throdak's Lair PogChamp,neither,0.039453208442083915,0.33037608806864915,0.6301707034892671
182,CANT WAIT TO SEE VAX KILL EVERYONE,neither,0.33824057892906456,0.2810628209961412,0.38069660007479417
183,Wearing my 'Against the Chroma Conclave' Shirt for the ocassion,neither,0.02578221259150453,0.32939218360351746,0.6448256038049779
184,it was like 30k last week,neither,0.04690383541465663,0.3458449340996537,0.6072512304856896
185,BIDET!!,neither,0.039453208442083915,0.33037608806864915,0.6301707034892671
186,psssst do you spice?,neither,0.06340458516664035,0.38876294420848057,0.5478324706248792
187,YES!!!!,neither,0.039453208442083915,0.33037608806864915,0.6301707034892671
188,Darin gandsSubHype,neither,0.039453208442083915,0.33037608806864915,0.6301707034892671
189,Need more 2nd Doctor Love,neither,0.03838910394222795,0.3320840564229678,0.6295268396348042
190,@swiftfingers ohh that is a lot. But it will be fun nonetheless :-),neither,0.03998124296076504,0.3535335986551835,0.6064851583840515
191,Tonight we answer the age old question - ARE WE ON THE INTERNET?!,neither,0.04810290325689151,0.2853635659019081,0.6665335308412004
192,@sirspasticpants99 Alpha demands HIGH Internet connection...since they stream Very High Quality...too high for my internet...so I am here.,neither,0.040560975289716986,0.4335244031648785,0.5259146215454045
193,patrick rothfuss is gonna announce his new book hopefully,neither,0.06403452764957174,0.30242731119334043,0.6335381611570878
194,honestly worried for tonight guys,neither,0.032615743507779016,0.2919827664180801,0.6754014900741409
195,k,neither,0.039453208442083915,0.33037608806864915,0.6301707034892671
196,technical hiccup? lol,neither,0.031120645729857982,0.3912535864736078,0.5776257677965343
197,pit crew u teeses,neither,0.039453208442083915,0.33037608806864915,0.6301707034892671
198,they are TAUNTING US :p,neither,0.12484952524836485,0.27287962064955823,0.6022708541020769
199,oh my gaaaat the chat moves too fast...can't...read...all...,neither,0.03526211737465138,0.3899486164893052,0.5747892661360433
200,is anyone else having issues with the underworld ads? they play at full volume and are un-mutable for me,neither,0.04839606664424791,0.3126159607137747,0.6389879726419775
201,honestly worried for tonight guys,neither,0.032615743507779016,0.2919827664180801,0.6754014900741409
202,ayo Brian,neither,0.039453208442083915,0.33037608806864915,0.6301707034892671
203,bidet from minnesota!,neither,0.04071751644889743,0.3089174816120565,0.6503650019390461
204,How long does the Discord/Twitch sync take?,neither,0.0277560978365623,0.4195626887260983,0.5526812134373393
205,Bidet from Sweden!,neither,0.04228451509352876,0.2823214250720796,0.6753940598343917
206,lol! that gilmore alura art was awesome!,neither,0.029569343669603294,0.4167529466369926,0.5536777096934042
207,"Bidet and Beep Beep from Sydney, Australia!",neither,0.03960105917937375,0.28436446709729124,0.6760344737233349
208,"@dervish3 thanks, did it twice in last 10 days and second time was WAY easier, but omg my encounters were overtuned lol",neither,0.027000302567391374,0.3732931437302683,0.5997065537023403
209,I wonder if Mercer is going to run Scanlan or if he'll get someone else to play the character. It almost seems unfair to have someone else try and fill Sam's shoes,neither,0.034506261318392795,0.35849360478011144,0.6070001339014958
210,song name?,neither,0.03883010555454999,0.3409517702390533,0.6202181242063967
211,@Totalhobo closer,neither,0.039453208442083915,0.33037608806864915,0.6301707034892671
212,Sountrack is from Pillars of Eternity.,neither,0.05916877170220058,0.2905229736048632,0.6503082546929363
213,KIMALLURAH,neither,0.039453208442083915,0.33037608806864915,0.6301707034892671
214,:(,neither,0.039453208442083915,0.33037608806864915,0.6301707034892671
215,Is that Laura in the corner?,neither,0.04302825611364453,0.3564786368482369,0.6004931070381185
216,welcomes back all long time viewers and subs! <3,neither,0.03890773678613002,0.3605939819683741,0.600498281245496
217,Hialeah in the Hizzy!,neither,0.03709198035988474,0.28472846616514075,0.6781795534749746
218,bidet,neither,0.039453208442083915,0.33037608806864915,0.6301707034892671
219,Bidet from Scarbrough,neither,0.04228451509352876,0.2823214250720796,0.6753940598343917
220,"bidet from Fort Worth,TX",neither,0.04053867156194548,0.31195294609159274,0.6475083823464618
221,"Bidet from Beaumont, Tx",neither,0.040817483668844766,0.3072207769958956,0.6519617393352596
222,more than ready to see what happens next,neither,0.07207416903020451,0.3247324090556519,0.6031934219141435
223,The Hulch XD,neither,0.036130326044876586,0.2619290779399786,0.7019405960151449
224,I'm the Jugs-or-naut b&#&,neither,0.03755219308089742,0.2943885172874747,0.668059289631628
225,Alpha LUL,neither,0.039453208442083915,0.33037608806864915,0.6301707034892671
226,ni,neither,0.039453208442083915,0.33037608806864915,0.6301707034892671
227,laggggg,neither,0.039453208442083915,0.33037608806864915,0.6301707034892671
228,"In celebration of breaking 33k Subs we're giving away a swag box curated by 10 of our twitch hosts tonight at 6:50. Be active in chat at that time to be part of the action. This is at 6:50 not 7:30 which was mistakenly reported before. Swag Box, Be in chat 6:30. Thanks for 33k subs. We love ya!",neither,0.035925425492181584,0.4247503675219481,0.5393242069858702
229,Hi guys!,neither,0.03930687933907141,0.3328596748352989,0.6278334458256297
230,Hello all!,neither,0.04217753453783664,0.4373438332385548,0.5204786322236087
231,nope it was Marisha,neither,0.037427857109320575,0.333740914756924,0.6288312281337554
232,Bailey,neither,0.039453208442083915,0.33037608806864915,0.6301707034892671
233,#FIXHIM,neither,0.039453208442083915,0.33037608806864915,0.6301707034892671
234,gandsSCANLAN gandsSCANLAN gandsSCANLAN gandsSCANLAN gandsSCANLAN gandsSCANLAN gandsSCANLAN gandsSCANLAN,neither,0.039453208442083915,0.33037608806864915,0.6301707034892671
235,Who is ready for some DEA BARDS?,neither,0.033505950860947965,0.36563592578929976,0.6008581233497523
236,4 in Germany!!!,neither,0.039453208442083915,0.33037608806864915,0.6301707034892671
237,is it thursday yet?,neither,0.046511356642776266,0.3279484672467925,0.6255401761104311
238,gandsSubHype gandsSubHype gandsSubHype,neither,0.039453208442083915,0.33037608806864915,0.6301707034892671
239,I just can't imagine this show without Scanlan,neither,0.04830740405693064,0.2783664452261844,0.6733261507168851
240,O: I love scan but I wouldn't mind him dying~ Sam can play anything,neither,0.03564688750817594,0.3436134463063314,0.6207396661854927
241,beep beep,neither,0.039453208442083915,0.33037608806864915,0.6301707034892671
242,"@Kronkality, yes soon",neither,0.039453208442083915,0.33037608806864915,0.6301707034892671
243,Ahhhhhh,neither,0.039453208442083915,0.33037608806864915,0.6301707034892671
244,RIP ALPHA,neither,0.039453208442083915,0.33037608806864915,0.6301707034892671
245,Bidet from WY,neither,0.04062582848913359,0.3104736655757561,0.6489005059351104
246,Bidet from Indiana!,neither,0.0408364874901429,0.3068982325524449,0.6522652799574122
247,"Bidet from Orlando,FL",neither,0.0403346775361176,0.31541525709187607,0.6442500653720065
248,Fix him!!!!!!!!!!!,neither,0.039286977096751115,0.333197467828188,0.6275155550750611
249,Bidet from Guatemala!,neither,0.04228451509352876,0.2823214250720796,0.6753940598343917
250,"Bidet, friends!",neither,0.039453208442083915,0.33037608806864915,0.6301707034892671
251,Donald Trump said a prayer for Scanlan and lyin Tal'Dorei Times only covers Arnold's response!!!!,neither,0.03642226639148812,0.29972970624189105,0.6638480273666209
252,FIX HIM,neither,0.039286977096751115,0.333197467828188,0.6275155550750611
253,I hope they have one shot beach episode instead of the resurrection,neither,0.05750720165317578,0.27682865746047025,0.6656641408863541
254,gandsSCANLAN gandsSCANLAN gandsSCANLAN,neither,0.039453208442083915,0.33037608806864915,0.6301707034892671
255,Bidet,neither,0.039453208442083915,0.33037608806864915,0.6301707034892671
256,Bidet from Greece,neither,0.04062582848913359,0.3104736655757561,0.6489005059351104
257,gandsSCANLAN,neither,0.039453208442083915,0.33037608806864915,0.6301707034892671
258,Sausage Party,neither,0.039453208442083915,0.33037608806864915,0.6301707034892671
259,We wanna see Denise,neither,0.03922735089211751,0.3342094801328141,0.6265631689750683
260,Brain Fester,neither,0.039453208442083915,0.33037608806864915,0.6301707034892671
261,"@Geekandsundry, hey bigsexy, how bout some music for the mood ;D",neither,0.0262511770599051,0.3679712278602733,0.6057775950798215
262,is the music bit a #weknow situation?,neither,0.04452458516288448,0.3167949079464765,0.638680506890639
263,Loving the art work here,neither,0.07693190696895995,0.2854709929137215,0.6375971001173186
264,Bidet from the Virgo Supercluster!,neither,0.03960106348276639,0.2921054363772407,0.6682935001399929
265,rip audio,neither,0.039453208442083915,0.33037608806864915,0.6301707034892671
266,!!!!!!,neither,0.039453208442083915,0.33037608806864915,0.6301707034892671
267,On time what the heck,neither,0.039774018087875916,0.3427239542123444,0.6175020276997798
268,Bidet from New York,neither,0.044690599332616286,0.20708884905532374,0.7482205516120599
269,gandsCrit gandsCrit gandsCrit gandsCrit gandsCrit gandsCrit gandsSCANLAN gandsSCANLAN,neither,0.039453208442083915,0.33037608806864915,0.6301707034892671
270,"Two devices one running Alpha, one running twitch - glad to help with the testing!",neither,0.03603746367799546,0.3616240700913777,0.6023384662306268
271,LMGSOA,neither,0.039453208442083915,0.33037608806864915,0.6301707034892671
272,moon2FEELS atpFeelsBeardMan danSad,neither,0.039453208442083915,0.33037608806864915,0.6301707034892671
273,bidet from oslo,neither,0.04228451509352876,0.2823214250720796,0.6753940598343917
274,eifok has 5432 coins,neither,0.03989735448983053,0.32283777050957063,0.6372648750005988
275,exaequoetbono1 has 878 coins,neither,0.03989735448983053,0.32283777050957063,0.6372648750005988
276,woohoo!,neither,0.039453208442083915,0.33037608806864915,0.6301707034892671
277,tell me little elf girl XD,neither,0.02839740801345734,0.41779950803906296,0.5538030839474798
278,I love Tary,neither,0.03217296676969875,0.3657703709031763,0.602056662327125
279,Welcomes back all long time viewers and subs! <3,neither,0.03890773678613002,0.3605939819683741,0.600498281245496
280,music is Pillars of Eternity,neither,0.05284694610782139,0.32576936750749125,0.6213836863846873
281,I cant wait to see more taryon!!! Also Bidet from florida,neither,0.04701029363259381,0.30632227804050804,0.6466674283268979
282,"Bidet from Bryan, TX",neither,0.04043340274231637,0.31373963269042593,0.6458269645672579
283,!discord,neither,0.039453208442083915,0.33037608806864915,0.6301707034892671
284,my first livestream!,neither,0.022948042052926405,0.4200118552385611,0.5570401027085125
285,I am a gnome irl,neither,0.039246452605914695,0.3304472008816212,0.6303063465124641
286,sfhDERP,neither,0.039453208442083915,0.33037608806864915,0.6301707034892671
287,I wonder if Terry has a vestage,neither,0.020037316946728525,0.3897305198303938,0.5902321632228777
288,bidet from oklahoma!!,neither,0.04066490145509902,0.30981049537100724,0.6495246031738937
289,!wallet,neither,0.039453208442083915,0.33037608806864915,0.6301707034892671
290,DENISE!!!!,neither,0.039453208442083915,0.33037608806864915,0.6301707034892671
291,This *** is golden,neither,0.0497202895567626,0.3287517743397576,0.6215279361034798
292,Cereal is an anytime food,neither,0.04598829815561538,0.32405676905163483,0.6299549327927497
293,I miss the mug!,neither,0.032061243414296184,0.3166040866733457,0.6513346699123581
294,I was really hoping it was gonna be a show where Taliesin sat in a chair in front of a fireplace with a pipe and talked about medieval machines.,neither,0.03886767109071392,0.3169873785825468,0.6441449503267394
295,lol liam,neither,0.031120645729857982,0.3912535864736078,0.5776257677965343
296,chug liam CHUG!!!,neither,0.04326458954886015,0.10035043649767346,0.8563849739534664
297,whens blindspot on,neither,0.03613421888057095,0.3463919282823925,0.6174738528370366
298,@StickDeath1 That's my theory on where it went too.,neither,0.02601290141698765,0.4230930133121655,0.5508940852708469
299,"good Denise sign, as always",neither,0.03500412727706996,0.420648748233506,0.544347124489424
300,You know that optical illusion where one way it looks like a duck and the other way it looks like a rabbit? The alternate-reality Monty Python white rabbit is definitely a demon duck,offensive_language,0.16371252068596803,0.4258798463087381,0.410407633005294
301,lets get hyped up chat!!,neither,0.036409685877626684,0.3879131599908481,0.5756771541315252
302,Bidet & beep beep from mid-Michigan! 8D,neither,0.04043750414436148,0.31367002119391385,0.6458924746617246
303,bidet from NZ!,neither,0.04228451509352876,0.2823214250720796,0.6753940598343917
304,@thegoofyge3k CT represent!,neither,0.039453208442083915,0.33037608806864915,0.6301707034892671
305,Bidet from mesa Az!,neither,0.04078317879478948,0.307803020237201,0.6514138009680096
306,"Also, bidet from Ohio State",neither,0.06924604296010609,0.22507323386774128,0.7056807231721527
307,!walet,neither,0.039453208442083915,0.33037608806864915,0.6301707034892671
308,"Bidet from Chattanooga, TN",neither,0.04076955598142026,0.3080342349327864,0.6511962090857933
309,Critical Role FeelsGoodMan,neither,0.039453208442083915,0.33037608806864915,0.6301707034892671
310,obertuswow has 2899 coins,neither,0.03989735448983053,0.32283777050957063,0.6372648750005988
311,!wallet,neither,0.039453208442083915,0.33037608806864915,0.6301707034892671
312,Good morning from the UK,neither,0.04592133116911296,0.17314151918169884,0.7809371496491881
313,Bidet from los angeles,neither,0.04078317879478948,0.307803020237201,0.6514138009680096
314,"First time in forever, i'm watching live!!!",neither,0.03584796176816496,0.3479859626052375,0.6161660756265976
315,Bidet from Washington State,neither,0.07569869260918143,0.20816383471815325,0.7161374726726654
316,gandsSubHype gandsApplaud gandsSubHype,neither,0.039453208442083915,0.33037608806864915,0.6301707034892671
317,https://clips.twitch.tv/GentleNastyAniseTBCheesePull/edit,neither,0.039453208442083915,0.33037608806864915,0.6301707034892671
318,bidet from Kent (Ohio),neither,0.040754399270683486,0.3082914838698526,0.650954116859464
319,yeah @GeekandSundry 10 minute slow mode time out is excessive,neither,0.030366707807754495,0.41382584830145774,0.5558074438907877
320,Refresh your browser now,neither,0.0740430483348199,0.32075805928741624,0.6051988923777639
321,bidet good people of the xhat,neither,0.08898071685460955,0.2994303967449327,0.6115888864004577
322,Bidet from Canada!,neither,0.04071751644889743,0.3089174816120565,0.6503650019390461
323,Bidet from Lithuania!,neither,0.04228451509352876,0.2823214250720796,0.6753940598343917
324,Bidet from Sydney Australia friends!!!,neither,0.04025632056589847,0.3167451793718914,0.6429985000622102
325,Time for tears.,neither,0.03185716787150564,0.3193931301477796,0.6487497019807147
326,bidet from chico ca,neither,0.040845137705904734,0.30675141581570226,0.6524034464783931
327,iohu9ojb .hjb n,neither,0.039453208442083915,0.33037608806864915,0.6301707034892671
328,Don't even watch chat once it starts. It gets ugly.,neither,0.1019610325905344,0.21862230390841456,0.6794166635010511
329,gandsSubHype gandsSubHype gandsSubHype gandsSubHype gandsSubHype gandsSubHype gandsSubHype gandsSubHype gandsSubHype,neither,0.039453208442083915,0.33037608806864915,0.6301707034892671
330,!!!,neither,0.039453208442083915,0.33037608806864915,0.6301707034892671
331,LET IT HAPPEN,neither,0.021027343493428555,0.3700337168527281,0.6089389396538432
332,this is a thing lol,neither,0.038311600633831634,0.4068747337775545,0.5548136655886139
333,omg,neither,0.039453208442083915,0.33037608806864915,0.6301707034892671
334,xDDDDDDDD,neither,0.039453208442083915,0.33037608806864915,0.6301707034892671
335,DansGame DansGame DansGame,neither,0.039453208442083915,0.33037608806864915,0.6301707034892671
336,gandsFail gandsFail gandsFail gandsFail gandsFail,neither,0.039453208442083915,0.33037608806864915,0.6301707034892671
337,amazing,neither,0.039453208442083915,0.33037608806864915,0.6301707034892671
338,thank you for sponsoring us for the last time! :P,neither,0.07239514439024,0.3140046402284936,0.6136002153812664
339,Sam is gonna sugar crash so hard later,offensive_language,0.037225945905996566,0.5311523654530906,0.4316216886409129
340,Sam just gave inspiration to everyone watching the stream.,neither,0.03625162797945837,0.3924434186344476,0.571304953386094
341,"The Critical Role Fan Club on Facebook has over 10,000 members now and I'm a proud member!",neither,0.029298099626794888,0.3283447085427249,0.6423571918304802
342,Wooo!,neither,0.039453208442083915,0.33037608806864915,0.6301707034892671
343,gands2YearHype gands2YearHype gands2YearHype gands2YearHype gands2YearHype,neither,0.039453208442083915,0.33037608806864915,0.6301707034892671
344,on my bday,neither,0.023171910174755492,0.4560140167767608,0.5208140730484837
345,gands2YearHype gands2YearHype gands2YearHype gands2YearHype gands2YearHype gands2YearHype,neither,0.039453208442083915,0.33037608806864915,0.6301707034892671
346,Hey everyone,neither,0.031959242684595296,0.4575682446653829,0.5104725126500218
347,Have you heard about the new Smartphone Drinking Game Dare&Drink? Me and my lads had so much fun yesterday :D,neither,0.034570430621875085,0.3555270049355572,0.6099025644425676
348,Those are all completely different characters from Elder Sign,neither,0.07465833289169442,0.2889107714926703,0.6364308956156353
349,whoooooo,neither,0.039453208442083915,0.33037608806864915,0.6301707034892671
350,"Everyone be INSANE~! Please, I want to hear ALL the voices.",neither,0.04019018484930651,0.4286204433973237,0.5311893717533699
351,this is fabulous,neither,0.0492744971941354,0.32883091238994555,0.6218945904159191
352,Bidet from Houston TX,neither,0.040501953574932,0.3125761461575217,0.6469219002675464
353,hey @dr_feelgood1979,neither,0.039453208442083915,0.33037608806864915,0.6301707034892671
354,"Ha, called it!",neither,0.037664166538060886,0.3309914216170371,0.631344411844902
355,Who else has been playing Tides of Numerina? Patrick Rothfuss wrote a character for it. Rhin is awesome,neither,0.0395583601297726,0.34451297203111664,0.6159286678391107
356,@GrifofHearts Daylight Savings Time,neither,0.03852830490298589,0.346074114933033,0.6153975801639809
357,Critroll best fan art of any show,neither,0.050710298831855065,0.26373903005779753,0.6855506711103473
