,text,top_class,hate_speech,offensive_language,neither
0,Bidet from Sydney o/,neither,0.04062582848913359,0.3104736655757561,0.6489005059351104
1,"BeepBeep and Bidet to Amber, best DM ever!! Love, your favorite rogue, from the Order of the Dahm.",neither,0.05585692743095495,0.2792862106134771,0.6648568619555679
2,gandsLessthanthree my Bday CriticalRole,neither,0.02484982403832861,0.44861212744889617,0.5265380485127752
3,WE ARE LEAVING FOR CANADA,neither,0.05395996908373539,0.269039458464457,0.6770005724518076
4,Ashley!!!!,neither,0.039453208442083915,0.33037608806864915,0.6301707034892671
5,gandsAJinSpace gandsAJinSpace gandsAJinSpace gandsAJinSpace,neither,0.039453208442083915,0.33037608806864915,0.6301707034892671
6,Extra Content PogChamp,neither,0.039453208442083915,0.33037608806864915,0.6301707034892671
7,oh god,neither,0.04752317570371466,0.25506489023357065,0.6974119340627147
8,XXX lootcrate...,neither,0.039453208442083915,0.33037608806864915,0.6301707034892671
9,my god sam,neither,0.027047136408036288,0.4283011190967173,0.5446517444952466
10,audio is fine to me,neither,0.04548129575979888,0.35970823719348183,0.5948104670467192
11,gandsSCANLAN gandsSCANLAN gandsApplaud gandsApplaud gandsSCANLAN gandsSCANLAN,neither,0.039453208442083915,0.33037608806864915,0.6301707034892671
12,this is Ashley's main squeeze,neither,0.04564671943643315,0.3294484410242055,0.6249048395393615
13,did he just say it's available to everyone?,neither,0.038735256116576966,0.4229048268016049,0.5383599170818182
14,Alpha's quality is so bad tho ;_; always like 144p quality ;_;,neither,0.044050922255124005,0.3985643852279154,0.5573846925169607
15,When you say dirty...,neither,0.044497177491358134,0.4611209736320071,0.4943818488766347
16,yes gif SwiftRage,neither,0.039453208442083915,0.33037608806864915,0.6301707034892671
17,Merch!!!,neither,0.039453208442083915,0.33037608806864915,0.6301707034892671
18,12,neither,0.039453208442083915,0.33037608806864915,0.6301707034892671
19,"""I wish to start Talks Machina"" ""Okay roll a skill check"" ""natural 1"" ""your show only lasts for 5 seconds before being cancelled""",neither,0.053614544914842216,0.3188565067416001,0.6275289483435577
20,-10,neither,0.039453208442083915,0.33037608806864915,0.6301707034892671
21,HeyGuys im not caged like critical role hello subs,neither,0.04406190440790463,0.3615438696241312,0.5943942259679642
22,Love the Pike picture in the background. :D,neither,0.03537960521238369,0.3135734634423306,0.6510469313452857
23,See. Fixed. Calm down people.,neither,0.06355018734790695,0.3281966405609143,0.6082531720911788
24,"The Elemental Planes are the ""Inner Planes"" not the outer planes .-.",neither,0.04678000128443766,0.2955608167499991,0.6576591819655632
25,"both Travis & Laura are there, yes",neither,0.060250815862557976,0.25881183939002433,0.6809373447474176
26,gandsTeamNoStream gandsTeamNoStream gandsTeamNoStream gandsTeamNoStream gandsTeamNoStream gandsTeamNoStream gandsTeamNoStream gandsTeamNoStream,neither,0.039453208442083915,0.33037608806864915,0.6301707034892671
27,gandsTeamNoStream gandsTeamNoStream gandsTeamNoStream gandsTeamNoStream gandsTeamNoStream gandsTeamNoStream gandsTeamNoStream gandsTeamNoStream gandsTeamNoStream gandsTeamNoStream gandsTeamNoStream gandsTeamNoStream gandsTeamNoStream gandsTeamNoStream,neither,0.039453208442083915,0.33037608806864915,0.6301707034892671
28,gandsNopeNopeNope,neither,0.039453208442083915,0.33037608806864915,0.6301707034892671
29,"@GeekandSundry, give out cake, that way their mouths are full and hands full/sticky so they can't type?",neither,0.06862309734312667,0.3282449682996925,0.6031319343571808
30,"uh oh, if he looks it up he'll find out its concentration",neither,0.031136229212766313,0.31772710495629186,0.6511366658309419
31,Matt has Attack Eyebrows.,neither,0.03977564164539008,0.3249035551249373,0.6353208032296727
32,hi everyone :) First time watching! Can't wait to go back and get caught up but excited for tonight's episode as well!,neither,0.028951216209516413,0.38874273600897374,0.5823060477815097
33,hey @GeekandSundry i love you lol just thought to share that,neither,0.04312335131656645,0.3919122769447092,0.5649643717387244
34,is it skipping for you,neither,0.05661421560959989,0.3373115597155064,0.6060742246748937
35,Bidet from KANSAS CITY!,neither,0.04050054910234117,0.3125999837227694,0.6468994671748894
36,i feel like when vax kissed keylith for the first time,neither,0.027512304976446588,0.3610024386011903,0.6114852564223631
37,Love the music that's playing right now,neither,0.03202237709732151,0.3816299529490249,0.5863476699536536
38,gandsGandsModAlert gandsGandsModAlert gandsGandsModAlert,neither,0.039453208442083915,0.33037608806864915,0.6301707034892671
39,"oops, a little off on that audio transition. Thanks for the quick save, tech crew! <3",neither,0.03207875723972445,0.32924356590297205,0.6386776768573036
40,MINES NOT LOADING,neither,0.03779879555407328,0.3366121553211162,0.6255890491248105
41,gandsTeamNoStream,neither,0.039453208442083915,0.33037608806864915,0.6301707034892671
42,oops wrong button,neither,0.039453208442083915,0.33037608806864915,0.6301707034892671
43,is ok,neither,0.05462005593325577,0.326598583035164,0.6187813610315802
44,WE'RE BACK REFRESH IF YOU CAN'T SEE,neither,0.0480274062853624,0.3905656748738301,0.5614069188408076
45,@uberbaldy Thanks for that,neither,0.02547554297128769,0.3327108953172934,0.6418135617114188
46,don't we all wish for #bonusshit,neither,0.033431535335422334,0.3753402376739982,0.5912282269905794
47,restrain him!!!,neither,0.03930660395165765,0.3328643488784144,0.6278290471699279
48,gandsScanlan,neither,0.039453208442083915,0.33037608806864915,0.6301707034892671
49,HAHAHAHA,neither,0.039453208442083915,0.33037608806864915,0.6301707034892671
50,what did I miss during the video failure?,neither,0.041029266617388115,0.25083570153534096,0.7081350318472709
51,I hope they don't die when I go to work in 1 hour.,neither,0.20388719958075305,0.13012499174811876,0.6659878086711283
52,@thevalyriansteel first round of combat,neither,0.03086694931618673,0.3333292963101309,0.6358037543736824
53,gandsSCANLAN gandsGandsPoo,neither,0.039453208442083915,0.33037608806864915,0.6301707034892671
54,#WhereisLarkin,neither,0.039453208442083915,0.33037608806864915,0.6301707034892671
55,Bidet from Wisconsin,neither,0.04071751644889743,0.3089174816120565,0.6503650019390461
56,Hi all cute people tessWAVE tessLove tessHYPE,neither,0.08167934655223723,0.3718735732092939,0.5464470802384688
57,"I have tried to google it a bunch of times, and nothing comes up on the googles",neither,0.037088950231816416,0.4381090784117669,0.5248019713564167
58,beep beep from rhode island,neither,0.04039476597904064,0.314395399397132,0.6452098346238274
59,42,neither,0.039453208442083915,0.33037608806864915,0.6301707034892671
60,SeemsGood,neither,0.039453208442083915,0.33037608806864915,0.6301707034892671
61,"Hey, effing up is half the game.",neither,0.04295018469479574,0.318992923182002,0.6380568921232022
62,"come for vax, leave with vex",neither,0.020842076804329014,0.36970905081145067,0.6094488723842204
63,U guys ready for the Thordak fight???,neither,0.03283324234911489,0.28911598635411423,0.6780507712967708
64,I hope no TPK tonight.,neither,0.08442828079143158,0.18141549016615616,0.7341562290424123
65,Aw yus we hype,neither,0.03929973136270677,0.33298099464893866,0.6277192739883546
66,!wallet,neither,0.039453208442083915,0.33037608806864915,0.6301707034892671
67,"well, only took me all of November, but I made it from episode one right up to now...............",neither,0.035016519433477264,0.44684584446631737,0.5181376361002052
68,lark,neither,0.039453208442083915,0.33037608806864915,0.6301707034892671
69,critrole stats on tumblr posted a list of what spell slots and stuff people don't have left,neither,0.0540702864236908,0.30048589474219833,0.6454438188341108
70,Thursday is best day!,neither,0.0475839918971279,0.3049450715098145,0.6474709365930578
71,biday from cali,neither,0.04079557052152802,0.3075927002946183,0.6516117291838538
72,"Gaaaah, so nervous!",neither,0.03940857945358607,0.38636408546124,0.5742273350851739
73,"@aaggie63 He's in the picture, its just cut off in this view... His head is just above Vex's.",neither,0.049037529246518136,0.3606255469873447,0.5903369237661372
74,Hello!,neither,0.039453208442083915,0.33037608806864915,0.6301707034892671
75,skol vikes,neither,0.039453208442083915,0.33037608806864915,0.6301707034892671
76,hrpgChaseTheRabbit ryonBye,neither,0.039453208442083915,0.33037608806864915,0.6301707034892671
77,I believe those names,neither,0.06744937568032229,0.2539394881237337,0.6786111361959439
78,Bidet from Wisconsin!,neither,0.04071751644889743,0.3089174816120565,0.6503650019390461
79,Lin-Manuel must play a bard!,neither,0.040331551704815435,0.31546831060684305,0.6442001376883415
80,@Warmachine4485 I hear ya. Alpha is still in its formative stage even though it want live. I dread watching it there next week,neither,0.03231197578174567,0.4440640997293279,0.5236239244889265
81,bidet,neither,0.039453208442083915,0.33037608806864915,0.6301707034892671
82,Bidet from snowy finland,neither,0.04228451509352876,0.2823214250720796,0.6753940598343917
83,"This is the last Talks Machina on Twitch. Starting next week, it's on Alpha only",neither,0.03871655409807357,0.3423470003074026,0.6189364455945238
84,spice???,neither,0.039453208442083915,0.33037608806864915,0.6301707034892671
85,"@LucasBlackstone it's not the money I have issues with, it's the splitting of the community.",neither,0.029468765805143793,0.33269717907671764,0.6378340551181386
86,we.live?,neither,0.04675156173251523,0.3319383047908141,0.6213101334766706
87,woooooooo,neither,0.039453208442083915,0.33037608806864915,0.6301707034892671
88,gandsNatTwenty,neither,0.039453208442083915,0.33037608806864915,0.6301707034892671
89,TOO CLOSE,neither,0.039095774028857416,0.33644268289058776,0.6244615430805548
90,bidet from Houston Texas,neither,0.04055369550835712,0.31169795051161153,0.6477483539800314
91,@jeffrey_lindsey best idea,neither,0.03833465212542559,0.32100944148211025,0.6406559063924642
92,and now to open my honeybun,neither,0.03370456969576173,0.3649558405593892,0.6013395897448491
93,Yay Pit Crew!,neither,0.039453208442083915,0.33037608806864915,0.6301707034892671
94,i just noticed how drunk scanlan looks in the intro vid,neither,0.036165456868683776,0.3331741179652368,0.6306604251660795
95,Pit Crew. gandsPitCrew,neither,0.039453208442083915,0.33037608806864915,0.6301707034892671
96,lol a lot of DM's here,neither,0.07326429373487796,0.3473017333788641,0.5794339728862579
97,I recently brought back my Hill Dwarf Warlock and I'm planning on doing a Tabaxi Arcane Trickster Rogue for a Con coming up.,neither,0.029546788376542663,0.3629204588378736,0.6075327527855838
98,Dungeons and Dragons Thursday broadcast?!,neither,0.03883448945651708,0.29977394037348737,0.6613915701699956
99,spice?,neither,0.039453208442083915,0.33037608806864915,0.6301707034892671
100,no one can replace you dustin,neither,0.05528070242101503,0.42659572496153547,0.5181235726174493
101,<3,neither,0.039453208442083915,0.33037608806864915,0.6301707034892671
102,gandsNopeNopeNope,neither,0.039453208442083915,0.33037608806864915,0.6301707034892671
103,bidet,neither,0.039453208442083915,0.33037608806864915,0.6301707034892671
104,wizmiz has 1281 coins,neither,0.03989735448983053,0.32283777050957063,0.6372648750005988
105,golddragon125 has 2876 coins,neither,0.03989735448983053,0.32283777050957063,0.6372648750005988
106,!wallet,neither,0.039453208442083915,0.33037608806864915,0.6301707034892671
107,my body is ready,neither,0.03405984045513004,0.4250586310005081,0.540881528544362
108,url didnt work,neither,0.039453208442083915,0.33037608806864915,0.6301707034892671
109,gandsRaid gandsRaid,neither,0.039453208442083915,0.33037608806864915,0.6301707034892671
110,"FYI - CR WILL replay right after live ends today, but that may change in future",neither,0.03831143135109896,0.3290719525597142,0.6326166160891867
111,gandsSCANLAN gandsSCANLAN gandsSCANLAN gandsSCANLAN,neither,0.039453208442083915,0.33037608806864915,0.6301707034892671
112,oh my... this is.. oh boy...,neither,0.04434498761353799,0.317306820173503,0.6383481922129589
113,gandsSCANLAN gandsSCANLAN gandsSCANLAN gandsSCANLAN,neither,0.039453208442083915,0.33037608806864915,0.6301707034892671
114,I'M DYING,neither,0.039453208442083915,0.33037608806864915,0.6301707034892671
115,gandsSCANLAN gandsSCANLAN gandsSCANLAN gandsSCANLAN gandsSCANLAN gandsSCANLAN,neither,0.039453208442083915,0.33037608806864915,0.6301707034892671
116,denise 2020,neither,0.039453208442083915,0.33037608806864915,0.6301707034892671
117,3cheers for Pit Crew,neither,0.03369306814140628,0.30160906249950464,0.6646978693590889
118,PgSalt,neither,0.039453208442083915,0.33037608806864915,0.6301707034892671
119,gandsFail gandsFail gandsFail gandsFail,neither,0.039453208442083915,0.33037608806864915,0.6301707034892671
120,do you happen to know the penalty for shooting a ficasseeing rabbit without a fricaseeing rabbit license?,neither,0.04640987903961437,0.32481829423760145,0.6287718267227842
121,YAY!,neither,0.039453208442083915,0.33037608806864915,0.6301707034892671
122,beautiful,neither,0.039453208442083915,0.33037608806864915,0.6301707034892671
123,boy im so *** glad i have alpha lmao,neither,0.03752889913189127,0.4104919081300519,0.5519791927380568
124,Mary's laugh is <3,neither,0.04839207095713318,0.3273016033527971,0.6243063256900696
125,I have no sound and it keeps feezing,neither,0.03618013952484075,0.3147004935713257,0.6491193669038335
126,"My sound is fine guys, refresh",neither,0.035740429775140616,0.3949262874380408,0.5693332827868185
127,thank the lord,neither,0.03800623542999168,0.3199029410550853,0.6420908235149231
128,will pike be on the show tonight?,neither,0.0499250267511018,0.20554440029967405,0.7445305729492241
129,"Bidet from Columbia, SC!",neither,0.040737273169946825,0.3085821584949149,0.6506805683351382
130,@xevgaming #FEELTHEGERN,neither,0.039453208442083915,0.33037608806864915,0.6301707034892671
131,First episode I've ever watched live! What a place to start...,neither,0.029556778673882168,0.28090583671971475,0.6895373846064031
132,15 MINUTE WARNING. PEE. EAT. PREPPPAAARREEEE,neither,0.039453208442083915,0.33037608806864915,0.6301707034892671
133,this sounds like lindsey stirling,neither,0.05583049744227517,0.3557619783498346,0.5884075242078903
134,AHAHAHAHAHAHAHAHHhHHHHHH,neither,0.039453208442083915,0.33037608806864915,0.6301707034892671
135,BeepBeep from michigan!,neither,0.04076955598142026,0.3080342349327864,0.6511962090857933
136,"more like snoredak, amirite?",neither,0.05349498093243076,0.3365972662764745,0.6099077527910947
137,GOGOGOGO AB,neither,0.039453208442083915,0.33037608806864915,0.6301707034892671
138,KANSAS REPRESENT,neither,0.039453208442083915,0.33037608806864915,0.6301707034892671
139,bidet from NY,neither,0.040845137705904734,0.30675141581570226,0.6524034464783931
140,what song just played?,neither,0.03953690445765574,0.3569196482075091,0.6035434473348351
141,game running late due to rain?,neither,0.043769293148522265,0.297036953753287,0.6591937530981907
142,MY BOOTY CANNOT WAIT MUCH LONGER,neither,0.025609809143677616,0.4573208633709796,0.5170693274853428
143,sbzyPLEAS,neither,0.039453208442083915,0.33037608806864915,0.6301707034892671
144,Bidet from Ohio! TPK!,neither,0.040754399270683486,0.3082914838698526,0.650954116859464
145,It was all a dream in the end,neither,0.0385851846974131,0.3837855231232652,0.5776292921793217
146,"much booze shall be drunk, some tears will be shed, and feels will be felt by all!",neither,0.036740416043643295,0.35295088084356985,0.6103087031127868
147,Here we go!!!!!,neither,0.13156755280784707,0.2765461283225309,0.5918863188696221
148,gandsSubHype gandsSubHype gandsSubHype gandsSubHype gandsSubHype gandsSubHype gandsSubHype gandsSubHype gandsSubHype gandsSubHype gandsSubHype gandsSubHype gandsSubHype gandsSubHype gandsSubHype gandsSubHype gandsSubHype gandsSubHype gandsSubHype gandsSubHype gandsSubHype gandsSubHype gandsSubHype gandsSubHype gandsSubHype gandsSubHype,neither,0.039453208442083915,0.33037608806864915,0.6301707034892671
149,this is off to a great start,neither,0.05438782050085576,0.2983039312908081,0.6473082482083362
150,why is my internet choosing now to be shitty aghhh,offensive_language,0.039261595847876106,0.7114220577392316,0.2493163464128922
151,Back Blaze=Cinder King?!,neither,0.039453208442083915,0.33037608806864915,0.6301707034892671
152,gg,neither,0.039453208442083915,0.33037608806864915,0.6301707034892671
153,gandsSCANLAN gandsSCANLAN gandsSCANLAN gandsSCANLAN gandsSCANLAN gandsSCANLAN gandsSCANLAN gandsSCANLAN,neither,0.039453208442083915,0.33037608806864915,0.6301707034892671
154,PogChamp,neither,0.039453208442083915,0.33037608806864915,0.6301707034892671
155,amazing,neither,0.039453208442083915,0.33037608806864915,0.6301707034892671
156,Oooooooh myyyy goooood,neither,0.039453208442083915,0.33037608806864915,0.6301707034892671
157,YEEAHHHHHH,neither,0.039453208442083915,0.33037608806864915,0.6301707034892671
158,"""Merry Holiday!""",neither,0.039453208442083915,0.33037608806864915,0.6301707034892671
159,Its started one time because it was prerecorded,neither,0.031119095529765613,0.3812848901180057,0.5875960143522289
160,It's back!,neither,0.03654534214784638,0.3313762366291984,0.6320784212229552
161,"Can't talk to dead if the dead has no head. A dragon head can be a hostage, specially if Pike talks to him first.",neither,0.02029672222597469,0.3924699264409049,0.5872333513331204
162,"Help raise money for Worldbuilders, a charity founded by author Pat Rothfuss to use the collective power of geeks to make the world a better place. Every $10 donated enters you into drawings for amazing prizes such as becoming an NPC on Critical Role, a Geek Chic gaming table, handmade versions of the ring Kerr made for Keylith, and MUCH more! There is 3 hours 58 minutes 53 seconds left to donate and help us build a better world, https://crowdspire.org/campaign/team-critters",neither,0.04029786057885346,0.3060009800036387,0.653701159417508
163,Larkin!,neither,0.039453208442083915,0.33037608806864915,0.6301707034892671
164,REFRESH,neither,0.039453208442083915,0.33037608806864915,0.6301707034892671
165,Finally,neither,0.039453208442083915,0.33037608806864915,0.6301707034892671
166,no intro?,neither,0.03848957175417732,0.3467315175537778,0.6147789106920449
167,rip,neither,0.039453208442083915,0.33037608806864915,0.6301707034892671
168,Classy,neither,0.039453208442083915,0.33037608806864915,0.6301707034892671
169,GEEK AND SUNDRY WAS NOT ON MY FOLLOW LIST DUNNO IF THIS IS ISSUE OR NOT,neither,0.02445651414707701,0.3976980737275154,0.5778454121254076
170,hello all,neither,0.04217753453783664,0.4373438332385548,0.5204786322236087
171,I seriously just wanna know if Kashaw and Zahra survived...,neither,0.02521493768055449,0.3526371207955315,0.622147941523914
172,vex <3,neither,0.039453208442083915,0.33037608806864915,0.6301707034892671
173,Welcome back Vox Machina!!!!,neither,0.039453208442083915,0.33037608806864915,0.6301707034892671
174,Beep beep.,neither,0.039453208442083915,0.33037608806864915,0.6301707034892671
175,Why do people want a TPK so bad? Don't like charas? Stop watching honestly,neither,0.056399083470163966,0.4468186427048668,0.4967822738249693
176,so hyped :D,neither,0.03940896250452002,0.38382265604540616,0.5767683814500738
177,@seran_nilao west texas here too. beep beep,neither,0.08361066040878322,0.29834982607814936,0.6180395135130675
178,Bidet from the MIDWEST,neither,0.0395975487247086,0.2929303761973238,0.6674720750779677
179,"Bidet from Ontario, Canada",neither,0.040354386843928725,0.3150807387011266,0.6445648744549448
180,"Bidet, happy new year :)",neither,0.04382906920233135,0.220189007910159,0.7359819228875096
181,Hi! I missed you all!!!,offensive_language,0.061650923167588675,0.475857167519442,0.4624919093129694
182,🤗,neither,0.039453208442083915,0.33037608806864915,0.6301707034892671
183,herp,neither,0.039453208442083915,0.33037608806864915,0.6301707034892671
184,wooooooo,neither,0.039453208442083915,0.33037608806864915,0.6301707034892671
185,gandsSubHype gandsSubHype gandsSubHype gandsSubHype gandsSubHype,neither,0.039453208442083915,0.33037608806864915,0.6301707034892671
186,REFRESH IF YOU SEE NO ART,neither,0.03404785928903554,0.42440777954761744,0.5415443611633469
187,I missed this so much,neither,0.034976198904504034,0.3850970757042274,0.5799267253912687
188,chat is crazy,neither,0.03515194384881128,0.4416267027312755,0.5232213534199132
189,"Rip everyone was weak and they decided to try and take on another ancient dragon, who is excited for the first TPK of CR",neither,0.05074121561356602,0.3229315407006353,0.6263272436857986
190,Woooo!!! able to catch my first full live stream tonight! so excited,neither,0.041942409780707485,0.383177629706339,0.5748799605129534
191,hello from Hawaii,neither,0.040406835111122384,0.31419055472778,0.6454026101610977
192,gandsLessthanthree gandsLessthanthree gandsLessthanthree gandsLessthanthree gandsLessthanthree,neither,0.039453208442083915,0.33037608806864915,0.6301707034892671
193,I watch it on the big screen lol,neither,0.02082757432498609,0.426759751037344,0.5524126746376701
194,ah... how I missed the ARTS and this music,neither,0.03804991348829719,0.2852051569083005,0.6767449296034025
195,ITS 2 MINUTES LATE. AHHHHHHHH,neither,0.033313461640226256,0.3324878285355969,0.6341987098241768
196,"Oh, someone else from the Netherlands!",neither,0.043684666584652615,0.2626495556491213,0.6936657777662261
197,"Beep Beep from Toronto, Canadurr",neither,0.04066490145509902,0.30981049537100724,0.6495246031738937
198,17k my god,neither,0.028548943344623136,0.4149879342867011,0.5564631223686757
199,hopefully its not gonna be 20 minutes late today,neither,0.03342526904866469,0.3526248630832594,0.6139498678680759
200,the hair!!!!!!!!!!!,neither,0.03793482152290453,0.3020491449720566,0.6600160335050389
201,;) right you are Sir,neither,0.10361206128347564,0.3488235334952156,0.5475644052213088
202,Pit Creeeeeeeeeeeeeeeeww! Pit Crew! twitter.com/pit_cru twitch.tv/pit_crew,neither,0.039083130642922924,0.3872425571460458,0.5736743122110314
203,"@Squirrelgnome No, not always. But a lot.",neither,0.03175867938689241,0.4234393562376554,0.5448019643754521
204,Hi my name is Entwin,neither,0.03409345573862743,0.4244518234782578,0.5414547207831146
205,gandsPitCrew gandsFail Kappa,neither,0.039453208442083915,0.33037608806864915,0.6301707034892671
206,what time are the rebroadcasts,neither,0.09603853419274408,0.2583294126404816,0.6456320531667742
207,No audio yet but hopefully soon so we can validate the :Levels and such,neither,0.036353170239213715,0.33249968679131536,0.631147142969471
208,#wefixedit,neither,0.039453208442083915,0.33037608806864915,0.6301707034892671
209,"Hey all, let's keep the rules and player choice critiques to a minimum tonight and just enjoy the show, please! =)",neither,0.03418702245201565,0.33190366000211496,0.6339093175458694
210,Quick question before they turn off non-sub' chat...anyone have any suggestions on bringing magical boys into a campaign?,neither,0.03663880132534728,0.36473981960616536,0.5986213790684873
211,"WarSawNova, yes.",neither,0.039453208442083915,0.33037608806864915,0.6301707034892671
212,@mdhaines AAAAYYYYY Bidet from approximately Decatur!,neither,0.04031924518627951,0.315677184343852,0.6440035704698686
213,LOL,neither,0.020706217963973744,0.4882283491876925,0.4910654328483337
214,Hey all,neither,0.042853467422398234,0.4625562502340746,0.4945902823435273
215,"Wait, so, we'll actually get to see Patrick in a fight for once?",neither,0.038908378183648236,0.34245205168604154,0.6186395701303101
216,ROFLMAO,neither,0.039453208442083915,0.33037608806864915,0.6301707034892671
217,"Bidet from Fayetteville, Arkansas",neither,0.04066490145509902,0.30981049537100724,0.6495246031738937
218,Larken Watch 2017,neither,0.05163230021258811,0.32618713992918136,0.6221805598582305
219,"@NoNameJustice oh, hello there!",neither,0.04496423197175243,0.2293814944764986,0.7256542735517489
220,is rothfuse on tonight,neither,0.043264220584070714,0.3150765050960217,0.6416592743199077
221,wheniscriticalrole.com,neither,0.039453208442083915,0.33037608806864915,0.6301707034892671
222,"Happy Birthday, Taliesin! Thank you for bringing such dark brilliance into this world!",neither,0.04424037514305718,0.3389661451332138,0.6167934797237291
223,Keyleth's short hair makes me so happy.,neither,0.033005805944702725,0.4036182735878538,0.5633759204674436
224,"No way they kill Raishan. She's the BBEG, gonna be a long drawn out hunt",neither,0.2427959010774441,0.3451285042515316,0.4120755946710243
225,bidet!,neither,0.039453208442083915,0.33037608806864915,0.6301707034892671
226,This sis the section of the broadcast where The #Pitcrew make sure everything isn't going to break.,neither,0.03839758020331912,0.3713869567470179,0.5902154630496631
227,bwaffle315 has 4558 coins,neither,0.03989735448983053,0.32283777050957063,0.6372648750005988
228,HYPE,neither,0.039453208442083915,0.33037608806864915,0.6301707034892671
229,Sutherland or Mendon?,neither,0.039453208442083915,0.33037608806864915,0.6301707034892671
230,TExas girl,neither,0.03144812213348856,0.40980067744996185,0.5587512004165496
231,Bidet first time from australia :D,neither,0.03300450176591923,0.3340597693988711,0.6329357288352097
232,"Greetings and salutations, I am from Dra- Belgium actually",neither,0.03945277291326677,0.26261029825286075,0.6979369288338726
233,"ouch, that audio",neither,0.03622862888609952,0.3653433101790168,0.5984280609348839
234,wryyyyyyyyyyyyyyyyyyyyyyyyyy,neither,0.039453208442083915,0.33037608806864915,0.6301707034892671
235,piss 4,neither,0.039453208442083915,0.33037608806864915,0.6301707034892671
236,I am skipping my child's adoption hearing for CRITICAL ROLE!,neither,0.029567330969726795,0.3606763341015127,0.6097563349287604
237,OH NO I THOUGHT THEY'D START AT 7:15! what did i miss?,neither,0.04269968512008368,0.2499240818975655,0.7073762329823507
238,Time to caffeinate.,neither,0.05245992204456839,0.3629928337722952,0.5845472441831363
239,gandsCrit gandsCrit gandsCrit gandsCrit,neither,0.039453208442083915,0.33037608806864915,0.6301707034892671
240,Cox Machina,neither,0.039453208442083915,0.33037608806864915,0.6301707034892671
241,"Mox Machina, sacrifice for one mana.",neither,0.02699759768028897,0.33506443175885164,0.6379379705608594
242,Excited for Tuesday. The second best night of the week!,neither,0.03003339917575225,0.2897724549104584,0.6801941459137893
243,Bidet from Michigan y'all,neither,0.043111242040269636,0.3958070657996109,0.5610816921601195
244,re:trinket headphonrs...now that you mention it... 😎,neither,0.0753458913242435,0.3946480406452229,0.5300060680305336
245,@Victimsdown Nope. It's all for twitch and Alpha,neither,0.03450171728105809,0.3254043376397401,0.6400939450792019
246,ITS UP!,neither,0.025408253480226482,0.4347329232452923,0.5398588232744811
247,hmm,neither,0.039453208442083915,0.33037608806864915,0.6301707034892671
248,Bidet bitches!!!,offensive_language,1.8102608101511593e-05,0.9999818973918986,1.9545890535218035e-21
249,gandsSCANLAN gandsSCANLAN,neither,0.039453208442083915,0.33037608806864915,0.6301707034892671
250,oh man. how did i ever forget Percy's buttflap pjs!,neither,0.042895572366308365,0.3379942484536593,0.6191101791800324
251,"finished binging the ENTIRE show today, its been fun",neither,0.042172754812817084,0.26649215285526257,0.6913350923319205
252,Bidet from Detroit!,neither,0.04080695066346891,0.3073995495860776,0.6517934997504536
253,@thedirtyhobo1 nice! I'm in Appleton!,neither,0.039453208442083915,0.33037608806864915,0.6301707034892671
254,i so want a scene where scanlan trys to get it on with the raven queen to save himself lol,neither,0.034064945177401065,0.37949801551087203,0.5864370393117269
255,PogChamp,neither,0.039453208442083915,0.33037608806864915,0.6301707034892671
256,2 mins ish left last chance,neither,0.039453208442083915,0.33037608806864915,0.6301707034892671
257,toilet,neither,0.039453208442083915,0.33037608806864915,0.6301707034892671
258,"Bidet all gandsLessthanthree please, please, please let Scanlan live!!!",neither,0.032916816079784125,0.39144135989446016,0.5756418240257556
259,gandsGandsPoo,neither,0.039453208442083915,0.33037608806864915,0.6301707034892671
260,#scanLIVE,neither,0.039453208442083915,0.33037608806864915,0.6301707034892671
261,Bidet from Salem Oregon,neither,0.04071751644889743,0.3089174816120565,0.6503650019390461
262,FIX HIM gandsDrink gandsDrink,neither,0.039286977096751115,0.333197467828188,0.6275155550750611
263,DE-NICE,neither,0.039453208442083915,0.33037608806864915,0.6301707034892671
264,It's Thursday yet!,neither,0.03788513194955698,0.3309154214795216,0.6311994465709215
265,bedit from Oklahoma...do you spice?,neither,0.056008139571434835,0.3534863915391787,0.5905054688893864
266,hhh,neither,0.039453208442083915,0.33037608806864915,0.6301707034892671
267,YEESSSSSSSSSSSSSSS!!!!!!!!!!!!!!!,neither,0.039453208442083915,0.33037608806864915,0.6301707034892671
268,Holy ***,neither,0.039453208442083915,0.33037608806864915,0.6301707034892671
269,Best thing ever,neither,0.038352296117989834,0.3211571900042576,0.6404905138777525
270,i missed the first half of that but from what i saw... damn!,offensive_language,0.03692870423775585,0.6796305737562823,0.28344072200596176
271,Sam I'm so glad we have you.,neither,0.054677205240851685,0.435230564206561,0.5100922305525875
272,eyepatches?,neither,0.039453208442083915,0.33037608806864915,0.6301707034892671
273,Sam is on the set before the show starts? PogChamp,neither,0.0496051312539092,0.30767626388639024,0.6427186048597006
274,"O hi critters, FINALLY got caught up and made it to a stream!",neither,0.039461647740497284,0.36395471921535105,0.5965836330441517
275,welcome roz!,neither,0.039453208442083915,0.33037608806864915,0.6301707034892671
276,Bidet from Salt Lake City,neither,0.04031822098218303,0.3156945677603287,0.6439872112574881
277,FYI we go into sub only mode for live CR,neither,0.038888930031928254,0.3162303258522288,0.6448807441158428
278,critter love,neither,0.03217296676969875,0.3657703709031763,0.602056662327125
279,The song is from Pillars of Eternity,neither,0.05006759344628083,0.29288881169039604,0.6570435948633231
280,FYI we go into sub only mode for live CR,neither,0.038888930031928254,0.3162303258522288,0.6448807441158428
281,3 minutes!!,neither,0.039453208442083915,0.33037608806864915,0.6301707034892671
282,"Tary On from Bellingham, WA!",neither,0.03742496319051217,0.3253431501724291,0.6372318866370588
283,SMOrc Kreygasm,neither,0.039453208442083915,0.33037608806864915,0.6301707034892671
284,#theyknow,neither,0.039453208442083915,0.33037608806864915,0.6301707034892671
285,there's no sound!!,neither,0.038373028526112886,0.294126429129529,0.6675005423443582
286,Insert Matt's intro,neither,0.039453208442083915,0.33037608806864915,0.6301707034892671
287,#WEKNOW!,neither,0.039453208442083915,0.33037608806864915,0.6301707034892671
288,gandsPitCrew gandsPitCrew gandsPitCrew,neither,0.039453208442083915,0.33037608806864915,0.6301707034892671
289,Sam has new MUG,neither,0.042767672017200685,0.2505580642597557,0.7066742637230436
290,Sam's mug is with scanlon,neither,0.035599618640245516,0.3609673754427801,0.6034330059169742
291,That is some face you were born with.,neither,0.03694514831915945,0.4340917668835229,0.5289630847973177
292,lol you are adorbs talisen,neither,0.07961765575976767,0.39264770366519547,0.5277346405750368
293,"Evening chat, bidet from Fort Smith, Arkansas. :D",neither,0.040164388569707915,0.3183055052706367,0.6415301061596554
294,What class is Tarion?,neither,0.0624544675123083,0.31952135845527896,0.6180241740324127
295,"Bidet from Weedfarm, NorCal",neither,0.04228451509352876,0.2823214250720796,0.6753940598343917
296,this is my first time watching CR live!,neither,0.03293616295998653,0.4073776816747879,0.5596861553652257
297,I'm subscibing tonight for the first time :D,neither,0.02381097430741513,0.2926786750617309,0.6835103506308541
298,Bi,neither,0.039453208442083915,0.33037608806864915,0.6301707034892671
299,"Thanks got it, I can hardly see it!",neither,0.03460195433683887,0.34856940746858583,0.6168286381945755
300,@darkangelkota @jarion_7 same mane,neither,0.04063178409928011,0.3411121371312489,0.6182560787694711
301,I wish they were going to be at Pax East next week :(,neither,0.042340158130632174,0.3605520749762895,0.5971077668930783
302,Bidet Kansas,neither,0.039453208442083915,0.33037608806864915,0.6301707034892671
303,Woo!,neither,0.039453208442083915,0.33037608806864915,0.6301707034892671
304,thursday =D,neither,0.039453208442083915,0.33037608806864915,0.6301707034892671
305,"Bidet from Urbana, IL",neither,0.04066490145509902,0.30981049537100724,0.6495246031738937
306,"First time in forever, i'm watching live!!!",neither,0.03584796176816496,0.3479859626052375,0.6161660756265976
307,woot woot on the live stream,neither,0.03974946749629873,0.32806921628579144,0.6321813162179097
308,@dreadpiraterose I will be in your city for a brief moment early tomorrow morning,neither,0.06053320458330836,0.1977313190148712,0.7417354764018204
309,"Bidet from Quebec City !!!(See, I membered! :D )",neither,0.04080549478838467,0.3074242595857883,0.6517702456258271
310,grog,neither,0.039453208442083915,0.33037608806864915,0.6301707034892671
311,Denisism?,neither,0.039453208442083915,0.33037608806864915,0.6301707034892671
312,RIP VAX gandsAJinSpace,neither,0.039453208442083915,0.33037608806864915,0.6301707034892671
313,"@desnathou There's definitely sound, try refreshing.",neither,0.039380935095800436,0.2901411435491937,0.6704779213550058
314,whooo,neither,0.039453208442083915,0.33037608806864915,0.6301707034892671
315,Just finishing TAZ and starting this up tonight is one heavy emotional trek,neither,0.03733245549328036,0.34771030707413264,0.6149572374325871
316,"true resurrection, defy the raven queen, ally with orcus or vecna to kill raven queen Kreygasm",neither,0.1144367194388348,0.2912053073976801,0.5943579731634852
317,hi Ashley PogChamp,neither,0.039453208442083915,0.33037608806864915,0.6301707034892671
318,I wondering how long this adventure will go after a kiki quest do they even have goals left for their adventures,neither,0.03746109806074921,0.3172190561713573,0.6453198457678935
319,oo!,neither,0.039453208442083915,0.33037608806864915,0.6301707034892671
320,oh lord,neither,0.04619285584731196,0.2668508478225285,0.6869562963301595
321,That product placement!,neither,0.03615533710790692,0.3661503685394048,0.5976942943526883
322,rip sam,neither,0.039453208442083915,0.33037608806864915,0.6301707034892671
323,SAM!!!,neither,0.039453208442083915,0.33037608806864915,0.6301707034892671
324,Oh my fuckin ggod,offensive_language,0.0597687868419149,0.9392113111972984,0.001019901960786775
325,"This is really not a good idea, heh",neither,0.04396279503429812,0.3334975862726408,0.6225396186930612
326,... vade retro,neither,0.039453208442083915,0.33037608806864915,0.6301707034892671
327,LOL,neither,0.020706217963973744,0.4882283491876925,0.4910654328483337
328,He came prepared with a towel!,neither,0.03439414418007262,0.35769759904941983,0.6079082567705076
329,LOL,neither,0.020706217963973744,0.4882283491876925,0.4910654328483337
330,PogChamp gandsLessthanthree,neither,0.039453208442083915,0.33037608806864915,0.6301707034892671
331,Kappa //,neither,0.039453208442083915,0.33037608806864915,0.6301707034892671
332,HIGH NOON,neither,0.0359097634575303,0.4142632085520573,0.5498270279904125
333,why is it stopping?,neither,0.033087326615399267,0.3450673422010773,0.6218453311835235
334,!826la,neither,0.039453208442083915,0.33037608806864915,0.6301707034892671
335,Darin De Paul should do it in his Emperor Valkorion voice,neither,0.07254330705179249,0.36023230489623825,0.5672243880519693
336,I love thisss,neither,0.03217296676969875,0.3657703709031763,0.602056662327125
337,heeeeeeell yeah,offensive_language,0.013968601452186464,0.5182923869769311,0.4677390115708824
338,826LA is the best!,neither,0.05135998456280659,0.2889087219359037,0.6597312935012896
339,Yay!,neither,0.039453208442083915,0.33037608806864915,0.6301707034892671
340,oooh yes we get Gilmores voice for a while,neither,0.0345929455928948,0.3165417273180602,0.6488653270890451
341,Don't forget to read the backstories!,neither,0.04586801654305302,0.3086884567478578,0.6454435267090892
342,"""RICHARD!""",neither,0.039453208442083915,0.33037608806864915,0.6301707034892671
343,Denise is that you being creepy again? <----,neither,0.05144878122658562,0.4670677294611938,0.4814834893122206
344,"Was waiting for someone to dump a bucket of water on Liam a la ""Flashdance""! LOL",neither,0.033701901470410064,0.3483856733619854,0.6179124251676045
345,Question: would you recommend the current Doctor Strange book?,neither,0.04707790333276802,0.341787962837829,0.6111341338294031
346,!vod,neither,0.039453208442083915,0.33037608806864915,0.6301707034892671
347,"Wish I understood Gaelic, lol",neither,0.03139464406497517,0.3890482568718203,0.5795570990632044
348,beep beep from indiana,neither,0.0408364874901429,0.3068982325524449,0.6522652799574122
349,Hello from Maryland,neither,0.04042754080715299,0.31383912502858,0.6457333341642669
350,Bidet from Missouri,neither,0.04071751644889743,0.3089174816120565,0.6503650019390461
351,gandsCrit,neither,0.039453208442083915,0.33037608806864915,0.6301707034892671
352,cheer1 cheer1 cheer1 cheer1 cheer1 cheer1 cheer1 cheer1 cheer1 cheer1,neither,0.039453208442083915,0.33037608806864915,0.6301707034892671
353,Wut,neither,0.039453208442083915,0.33037608806864915,0.6301707034892671
354,not horrible,neither,0.03770018550853214,0.3369903060327737,0.6253095084586942
355,LOL,neither,0.020706217963973744,0.4882283491876925,0.4910654328483337
356,#brianfostersmellslikecabbage,neither,0.039453208442083915,0.33037608806864915,0.6301707034892671
357,wraithe11307 has 16870 coins,neither,0.03989735448983053,0.32283777050957063,0.6372648750005988
358,!wallet,neither,0.039453208442083915,0.33037608806864915,0.6301707034892671
359,Fanart!,neither,0.039453208442083915,0.33037608806864915,0.6301707034892671
360,Bidet from Norcal!,neither,0.04228451509352876,0.2823214250720796,0.6753940598343917
361,bidet from SoCal,neither,0.04062582848913359,0.3104736655757561,0.6489005059351104
362,bidet from Bama,neither,0.04069404815304118,0.30931579984010865,0.6499901520068502
363,@keithadamsvo B'DAY or bidet is what Grog thinks people say to one another as a means of greeting,neither,0.131369052028985,0.29599679841868176,0.5726341495523333
364,also bidet everyone moon2HEY,neither,0.03213880350813092,0.4545206288735761,0.5133405676182929
365,bidet from wisconsin,neither,0.04071751644889743,0.3089174816120565,0.6503650019390461
366,"Any Doty fan art, just tuned in",neither,0.0361432944973597,0.345811646328074,0.6180450591745664
367,KC-MO! lol,neither,0.0323623618069285,0.3813795010088919,0.5862581371841796
368,"i cant read anything, so fast",neither,0.03941374251931273,0.3699731447579191,0.5906131127227682
369,Nothing screams fun like watching Thursday night Critical Role live while working on your material for a Saturday D&D session!,neither,0.0479297814705763,0.3431654612150085,0.6089047573144153
370,"what happened after ""what if i decline""?",neither,0.03266102224843048,0.3644075324249456,0.6029314453266239
371,#triggereed,neither,0.039453208442083915,0.33037608806864915,0.6301707034892671
372,bidet from Pittsburgh,neither,0.04066490145509902,0.30981049537100724,0.6495246031738937
373,No Sam?,neither,0.03831935863823471,0.3496204783521581,0.6120601630096072
374,rude,neither,0.039453208442083915,0.33037608806864915,0.6301707034892671
