,text,top_class,hate_speech,offensive_language,neither
0,Are they live yet?,neither,0.08070130519364636,0.27389398165065304,0.6454047131557007
1,kaypikeStars CRITICAL ROLE IS ON IN 23 MIN kaypikeStars,neither,0.04266689029290853,0.33753322266355434,0.6197998870435372
2,Bidet from Heber UT,neither,0.04071751644889743,0.3089174816120565,0.6503650019390461
3,"It's shown me different badges twice,it hasn't even broken PROPERLY!!",neither,0.034075805744245416,0.357787396328268,0.6081367979274866
4,"@QuesoCommander, gandsRage feliciaRage feliciaSoAngry",neither,0.039453208442083915,0.33037608806864915,0.6301707034892671
5,WHEATON!!!!!,neither,0.039453208442083915,0.33037608806864915,0.6301707034892671
6,@fireredlily i dont think so because they should all be mainly elven. but i guess that depends on the genetics.,neither,0.04068038374083078,0.4417104643388242,0.5176091519203452
7,Please no political discussion,neither,0.038771245920258164,0.3419507718443904,0.6192779822353516
8,omg,neither,0.039453208442083915,0.33037608806864915,0.6301707034892671
9,dicks out for harambe Kappa,neither,0.03109513348710393,0.3187065638390147,0.6501983026738815
10,<3 CR!!,neither,0.039453208442083915,0.33037608806864915,0.6301707034892671
11,wooooot,neither,0.039453208442083915,0.33037608806864915,0.6301707034892671
12,gandsSCANLAN,neither,0.039453208442083915,0.33037608806864915,0.6301707034892671
13,gandsAJinSpace gandsAJinSpace gandsAJinSpace gandsAJinSpace gandsAJinSpace,neither,0.039453208442083915,0.33037608806864915,0.6301707034892671
14,wow alpha is all screwed up,neither,0.04503214120525701,0.4277474411436363,0.5272204176511067
15,wtf is going on sam you are a god,offensive_language,0.09295672354962067,0.5745088861989252,0.3325343902514541
16,LOL,neither,0.020706217963973744,0.4882283491876925,0.4910654328483337
17,I don't even,neither,0.03767148329384597,0.3606166137663493,0.6017119029398048
18,gandsSCANLAN gandsSCANLAN gandsSCANLAN gandsSCANLAN gandsSCANLAN gandsSCANLAN,neither,0.039453208442083915,0.33037608806864915,0.6301707034892671
19,WutFace,neither,0.039453208442083915,0.33037608806864915,0.6301707034892671
20,1,neither,0.039453208442083915,0.33037608806864915,0.6301707034892671
21,hi again :),neither,0.037150207243185115,0.3694640287681496,0.5933857639886654
22,-4,neither,0.039453208442083915,0.33037608806864915,0.6301707034892671
23,there we go,neither,0.040839336290152066,0.27628362646603744,0.6828770372438104
24,so this is why Matt has eight maps for every possible scenario,neither,0.032997528637283086,0.3424364575507977,0.6245660138119192
25,gandsBeccasaurus,neither,0.039453208442083915,0.33037608806864915,0.6301707034892671
26,gandsFail gandsFail gandsFail,neither,0.039453208442083915,0.33037608806864915,0.6301707034892671
27,gandsTeamNoStream gandsNopeNopeNope gandsSubHype gandsNopeNopeNope gandsSubHype gandsTeamNoStream gandsTeamNoStream gandsTeamNoStream,neither,0.039453208442083915,0.33037608806864915,0.6301707034892671
28,thhbv,neither,0.039453208442083915,0.33037608806864915,0.6301707034892671
29,they gonna steam roll this. then get yelled at because he'll be back from the other plane.,neither,0.041159827705927465,0.355202273519261,0.6036378987748117
30,lol,neither,0.020706217963973744,0.4882283491876925,0.4910654328483337
31,hug that devil,neither,0.03566079344814147,0.3716088434783457,0.5927303630735129
32,and remember guys: there are 3 Vaxs' and 3 Vexs',neither,0.06323298086440858,0.18516444454518186,0.7516025745904096
33,hex,neither,0.039453208442083915,0.33037608806864915,0.6301707034892671
34,First ever live Crit Role! :DDDDD,neither,0.03657469501254503,0.3313661408330353,0.6320591641544198
35,@CaptainOwl No.just no,neither,0.03139947688043596,0.39674279983050975,0.5718577232890543
36,Hello all you beautiful people!,offensive_language,0.10353711859973827,0.4563305781291139,0.4401323032711478
37,"The ancient red dragon in his DM Tips is Thordak. Matt opened the drake on one of the last critmas before they had to stop doing them. He was gifted two of them on the stream, and their reactions, both Matt's and the players' were great.",neither,0.0549046864015502,0.31806171352313706,0.6270336000753127
38,tpk time,neither,0.036668274527354654,0.377643684699956,0.5856880407726893
39,Boop Boop everyone!,neither,0.0359348935823622,0.3900910733082277,0.5739740331094101
40,If only Lady Kima was there,neither,0.022183858193855675,0.3441407343654991,0.6336754074406452
41,gandsFail gandsFail gandsFail gandsFail,neither,0.039453208442083915,0.33037608806864915,0.6301707034892671
42,Pit Crew rolled a natural 1... ;),neither,0.039453208442083915,0.33037608806864915,0.6301707034892671
43,ooo,neither,0.039453208442083915,0.33037608806864915,0.6301707034892671
44,RELOAD,neither,0.039453208442083915,0.33037608806864915,0.6301707034892671
45,gandsCrit gandsCrit gandsCrit gandsCrit gandsCrit OH WOW! GREAT MOVE KIKI gandsCrit gandsCrit gandsCrit gandsCrit,neither,0.04231745342102968,0.2596460785743574,0.6980364680046128
46,gandsCrit gandsCrit gandsCrit gandsCrit gandsCrit gandsCrit gandsCrit gandsCrit,neither,0.039453208442083915,0.33037608806864915,0.6301707034892671
47,"REFRESH, it's back up!",neither,0.03554235777047198,0.3831147432681071,0.5813428989614208
48,@mathias_diaz refresh,neither,0.039453208442083915,0.33037608806864915,0.6301707034892671
49,gandsGrogSigil gandsGrogSigil gandsGrogSigil gandsGrogSigil gandsGrogSigil gandsGrogSigil gandsGrogSigil gandsGrogSigil,neither,0.039453208442083915,0.33037608806864915,0.6301707034892671
50,KappaRoss KappaRoss,neither,0.039453208442083915,0.33037608806864915,0.6301707034892671
51,CurseLit CurseLit CurseLit CurseLit,neither,0.039453208442083915,0.33037608806864915,0.6301707034892671
52,Vax in the Air will draw guards,neither,0.03980599309539703,0.3006533730057274,0.6595406338988756
53,lol,neither,0.020706217963973744,0.4882283491876925,0.4910654328483337
54,"i didn't miss anything, good",neither,0.02045327565340916,0.3762274886328477,0.6033192357137429
55,where's larkin?,neither,0.04379278224195774,0.2567221952996476,0.6994850224583946
56,Music working on Alpha now. Still no picture.,neither,0.03628399667270957,0.36027696896819195,0.6034390343590984
57,Boris will remember that.,neither,0.03719716684603677,0.34666038796376103,0.6161424451902021
58,gandsTrinketArmor,neither,0.039453208442083915,0.33037608806864915,0.6301707034892671
59,yay it's on,neither,0.03442225394620445,0.3475241436564032,0.6180536023973923
60,yay,neither,0.039453208442083915,0.33037608806864915,0.6301707034892671
61,"Beep Beep, Bidet from England",neither,0.04071751644889743,0.3089174816120565,0.6503650019390461
62,Did it start yet?!!,neither,0.03786735988892299,0.3309215341061221,0.6312111060049549
63,Baited,neither,0.039453208442083915,0.33037608806864915,0.6301707034892671
64,yay,neither,0.039453208442083915,0.33037608806864915,0.6301707034892671
65,that reveal!,neither,0.02611092514904384,0.4791292047641166,0.4947598700868395
66,Lighting?,neither,0.039453208442083915,0.33037608806864915,0.6301707034892671
67,laura looks like she belongs on the set!,neither,0.04610358396583389,0.4131768027360652,0.5407196132981009
68,Come for Vex. Hope for Pike,neither,0.05958599571358888,0.18296669435378976,0.7574473099326214
69,iscerus breaking Galard isn't a feat,neither,0.039453208442083915,0.33037608806864915,0.6301707034892671
70,"Started my own group of co-workers and have had 2 sessions, that went great!",neither,0.04048384833981655,0.3615318282576772,0.5979843234025063
71,Larkin hosts talks machina next season,neither,0.03893055346304691,0.3392469070837088,0.6218225394532443
72,"just finished my homework, now i'm ready to watch some CR",neither,0.03143903785521363,0.4001098870017809,0.5684510751430054
73,gandsSubHype gandsSubHype gandsSubHype gandsSubHype,neither,0.039453208442083915,0.33037608806864915,0.6301707034892671
74,nerdy *** voice actors play D&D,neither,0.039453208442083915,0.33037608806864915,0.6301707034892671
75,gandsGandsPoo gandsGandsPoo gandsGandsPoo gandsGandsPoo gandsGandsPoo gandsGandsPoo gandsGandsPoo gandsGandsPoo gandsGandsPoo,neither,0.039453208442083915,0.33037608806864915,0.6301707034892671
76,"@GaeaCa, have you only been subbed three months? i swear you were here when i started 6 months ago... and we both have the three month badge still...",neither,0.060042249257028064,0.35118044254221165,0.5887773082007604
77,LOLOL,neither,0.039453208442083915,0.33037608806864915,0.6301707034892671
78,well then,neither,0.039453208442083915,0.33037608806864915,0.6301707034892671
79,Taliesin wears alot of overwatch... i wonder if he wants to voice a character :P,neither,0.03419096040196312,0.3606489304991057,0.6051601090989311
80,"If Scanlan dies, Sam appears to be preparing to reroll as a necromancer.",neither,0.03408038554221608,0.3810287754951276,0.5848908389626564
81,"Sam vs Lin, rap battle!",neither,0.039453208442083915,0.33037608806864915,0.6301707034892671
82,IT'S THURSDAY MY DUDES,neither,0.027176770590922262,0.417999444957747,0.5548237844513306
83,wooooooooo,neither,0.039453208442083915,0.33037608806864915,0.6301707034892671
84,"@SpellSlinger91 All good, hard to sense tone throught text :D",offensive_language,0.035111310737400835,0.5521454719525575,0.4127432173100417
85,beep beep from harrisburg pa,neither,0.04069404815304118,0.30931579984010865,0.6499901520068502
86,gandsPitCrew gandsPitCrew gandsPitCrew gandsPitCrew gandsPitCrew gandsPitCrew gandsPitCrew gandsPitCrew gandsPitCrew,neither,0.039453208442083915,0.33037608806864915,0.6301707034892671
87,I love bug by carrying scanlan,neither,0.037997322061105926,0.3802460438306263,0.5817566341082677
88,ALL NIGHT ALL DUSTIN CU,offensive_language,0.03422758087051954,0.5510199757309296,0.4147524433985508
89,Do they all have the same glasses?,neither,0.041834349021222496,0.39697101370428994,0.5611946372744875
90,Yay Pit Crew!,neither,0.039453208442083915,0.33037608806864915,0.6301707034892671
91,zing,neither,0.039453208442083915,0.33037608806864915,0.6301707034892671
92,hello from Pennsylvainia!,neither,0.04087547192978788,0.3062365648703896,0.6528879631998226
93,gandsSubHype gandsSubHype gandsSubHype gandsSubHype gandsSubHype gandsSubHype,neither,0.039453208442083915,0.33037608806864915,0.6301707034892671
94,Tuesday is Talks,neither,0.047645024103790776,0.32755854702194515,0.624796428874264
95,tunage on point pitcrew.,neither,0.034913317848100985,0.3525423861207497,0.6125442960311492
96,gandsPitCrew gandsPitCrew gandsPitCrew You tha best Pit Crew gandsSCANLAN gandsSCANLAN gandsSCANLAN,neither,0.051702737331958494,0.3603484216415875,0.587948841026454
97,"Beep beep, y'all",offensive_language,0.046917543854519406,0.6277741405869331,0.3253083155585475
98,@Morphman30 Not yet. Welcome!,neither,0.03796044130554716,0.3359938733683959,0.6260456853260571
99,💰,neither,0.039453208442083915,0.33037608806864915,0.6301707034892671
100,What is this Bidet thing?,neither,0.062033397903813174,0.3218920936380537,0.6160745084581332
101,Bidet from TX!,neither,0.040817483668844766,0.3072207769958956,0.6519617393352596
102,IT'S TIME!,neither,0.034389982057555904,0.3710596410554468,0.5945503768869974
103,wat? Percy is late!?,neither,0.04615604419545058,0.32807067549049423,0.6257732803140552
104,"No Travis, FeelsBadMan",neither,0.03852177801590115,0.3461848932406789,0.6152933287434199
105,Sam is there,neither,0.04973378820580344,0.276029654407395,0.6742365573868017
106,LUL,neither,0.039453208442083915,0.33037608806864915,0.6301707034892671
107,oh no,neither,0.04751210705993949,0.26629718932274826,0.6861907036173122
108,oh god..,neither,0.04752317570371466,0.25506489023357065,0.6974119340627147
109,gandsSCANLAN gandsSCANLAN gandsSCANLAN gandsSCANLAN gandsSCANLAN,neither,0.039453208442083915,0.33037608806864915,0.6301707034892671
110,im so glad that i didn't miss loot crate,neither,0.019893850962839358,0.4724673707816575,0.5076387782555031
111,gandsSCANLAN gandsSCANLAN gandsSCANLAN gandsSCANLAN gandsSCANLAN gandsSCANLAN gandsSCANLAN gandsSCANLAN gandsSCANLAN gandsSCANLAN gandsSCANLAN gandsSCANLAN,neither,0.039453208442083915,0.33037608806864915,0.6301707034892671
112,gandsSCANLAN gandsSCANLAN gandsSCANLAN gandsSCANLAN gandsSCANLAN gandsSCANLAN gandsSCANLAN gandsSCANLAN gandsSCANLAN gandsSCANLAN gandsSCANLAN gandsSCANLAN gandsSCANLAN gandsSCANLAN gandsSCANLAN gandsSCANLAN gandsSCANLAN gandsSCANLAN gandsSCANLAN gandsSCANLAN,neither,0.039453208442083915,0.33037608806864915,0.6301707034892671
113,gandsSCANLAN gandsSCANLAN gandsSCANLAN gandsSCANLAN gandsSCANLAN gandsSCANLAN gandsSCANLAN gandsSCANLAN gandsSCANLAN gandsSCANLAN gandsSCANLAN gandsGandsPoo,neither,0.039453208442083915,0.33037608806864915,0.6301707034892671
114,bruh narly voices brah,neither,0.039453208442083915,0.33037608806864915,0.6301707034892671
115,"sam was an only child, right?",neither,0.038820269905509006,0.3431582554036641,0.6180214746908269
116,huzzah!,neither,0.039453208442083915,0.33037608806864915,0.6301707034892671
117,gandsPitCrew gandsPitCrew gandsPitCrew,neither,0.039453208442083915,0.33037608806864915,0.6301707034892671
118,i want that logo on my wallet,neither,0.026300421681490296,0.4373149669342857,0.536384611384224
119,how Long?,neither,0.03908934559293424,0.3273291474155956,0.6335815069914702
120,hahaha Thoreau dosen't liked to be blamed for the stream,neither,0.039224375945297235,0.2955634565924772,0.6652121674622257
121,@gammakitten all essays are to be turned into turninin com not this chat,neither,0.06506524544783887,0.3520238985989095,0.5829108559532515
122,wwot,neither,0.039453208442083915,0.33037608806864915,0.6301707034892671
123,yaaaaaaaassssss way to go pit crew,neither,0.046627517163228965,0.3311831534781952,0.6221893293585758
124,boo..,neither,0.039453208442083915,0.33037608806864915,0.6301707034892671
125,Bidet from Virginia,neither,0.04079557052152802,0.3075927002946183,0.6516117291838538
126,#TPK,neither,0.039453208442083915,0.33037608806864915,0.6301707034892671
127,NO TPK!!!!!,neither,0.036918905254960256,0.3733898271584121,0.5896912675866277
128,Scanlan will be the soul survivor,neither,0.040589761237014965,0.2842361309475485,0.6751741078154366
129,I am not ready for tonight! @GeekandSundry,neither,0.030545968859855388,0.28996068582893386,0.6794933453112108
130,the chicken song?? lol,neither,0.02978381936604,0.3800729055875304,0.5901432750464297
131,Someone hold me? Pit Crew?,neither,0.033630158947373354,0.3614989258701757,0.6048709151824508
132,Whoring for Charity https://crowdspire.org/campaign/team-critters,neither,0.03480824852036575,0.3071671088489374,0.6580246426306968
133,hype,neither,0.039453208442083915,0.33037608806864915,0.6301707034892671
134,yesssss,neither,0.039453208442083915,0.33037608806864915,0.6301707034892671
135,HYPE,neither,0.039453208442083915,0.33037608806864915,0.6301707034892671
136,gandsDrink gandsDrink gandsDrink gandsDrink,neither,0.039453208442083915,0.33037608806864915,0.6301707034892671
137,Bidet from NSW Australia,neither,0.04062582848913359,0.3104736655757561,0.6489005059351104
138,Down with THORDAK cheer100,neither,0.021415310064840782,0.39956372912019134,0.5790209608149679
139,roll good don't die,neither,0.20932205704757406,0.12383578481276845,0.6668421581396576
140,gandsSubHype gandsSubHype gandsSubHype gandsSubHype gandsSubHype gandsSubHype gandsSubHype gandsSubHype gandsSubHype,neither,0.039453208442083915,0.33037608806864915,0.6301707034892671
141,sam has a shirt. he has a zip up hoodie... something is going to happen,neither,0.048208298678810435,0.3594011833934532,0.5923905179277364
142,There's no Pike!,neither,0.03797667229944095,0.27896100016150194,0.6830623275390572
143,gandsSCANLAN gandsSCANLAN gandsSCANLAN gandsSCANLAN gandsSCANLAN gandsSCANLAN gandsSCANLAN gandsSCANLAN gandsSCANLAN,neither,0.039453208442083915,0.33037608806864915,0.6301707034892671
144,LOLOLOLOL!!,neither,0.039453208442083915,0.33037608806864915,0.6301707034892671
145,gandsSCANLAN,neither,0.039453208442083915,0.33037608806864915,0.6301707034892671
146,gandsMatt gandsMatt gandsMatt gandsMatt gandsMatt,neither,0.039453208442083915,0.33037608806864915,0.6301707034892671
147,"hahahaha, this is great",neither,0.0460844484591419,0.3021443756206554,0.6517711759202027
148,PogChamp,neither,0.039453208442083915,0.33037608806864915,0.6301707034892671
149,PogChamp,neither,0.039453208442083915,0.33037608806864915,0.6301707034892671
150,"Well, Sam just won the game",neither,0.03433250466426375,0.2988921418414619,0.6667753534942744
151,HAHAHA,neither,0.039453208442083915,0.33037608806864915,0.6301707034892671
152,i think it was marisha,neither,0.03771077489417765,0.31927880817503673,0.6430104169307855
153,gandsLessthanthree gandsLessthanthree,neither,0.039453208442083915,0.33037608806864915,0.6301707034892671
154,yeah audio low in left ear,neither,0.028008490990645528,0.4071402004173572,0.5648513085919972
155,lol,neither,0.020706217963973744,0.4882283491876925,0.4910654328483337
156,"@Thorgunta, because it wouldn't be talks machina without some sort of tech error :P",neither,0.034372426953345636,0.3404877824084629,0.6251397906381916
157,this dude is great,neither,0.046921116682972455,0.2993666942198632,0.6537121890971643
158,Hope everyone who got their Critter Secret Santa Gift really liked it! And thanks for everyone who signed up and followed through ^_^,neither,0.03986950311821992,0.3994109771665638,0.5607195197152162
159,KRAKEN,neither,0.039453208442083915,0.33037608806864915,0.6301707034892671
160,BibleThump,neither,0.039453208442083915,0.33037608806864915,0.6301707034892671
161,@vax1ldan did you refresh?,neither,0.057656878869473564,0.38137162985497625,0.5609714912755501
162,@tiamatzx whats in the booooox!!!,neither,0.038297107469201584,0.3090653736855547,0.6526375188452438
163,@Blaxby It was a Vaxleth fanfiction I sent her,offensive_language,0.027925358321859887,0.5901749667214434,0.3818996749566968
164,gandsGandsPoo gandsGandsPoo gandsGandsPoo,neither,0.039453208442083915,0.33037608806864915,0.6301707034892671
165,LUL,neither,0.039453208442083915,0.33037608806864915,0.6301707034892671
166,and scanlens confidence plummetes,neither,0.03852460340978638,0.28239717684078697,0.6790782197494266
167,PogChamp,neither,0.039453208442083915,0.33037608806864915,0.6301707034892671
168,I remember no movie,neither,0.041192113987059145,0.3008623227885767,0.6579455632243641
169,hurray for flicker,neither,0.02389657732898129,0.2538532852897668,0.7222501373812519
170,Whoo!!,neither,0.039453208442083915,0.33037608806864915,0.6301707034892671
171,REFRESH Y'ALL,neither,0.041581534396601456,0.4150274849548564,0.5433909806485423
172,geekandsundry is online. RevloBot is now tracking loyalty.,neither,0.051579741165105136,0.3262052173957376,0.6222150414391574
173,gandsSubHype gandsSubHype gandsSubHype,neither,0.039453208442083915,0.33037608806864915,0.6301707034892671
174,Worth it.,neither,0.03729645349164165,0.331117894995404,0.6315856515129544
175,WOOO DENISE WE LUV YOU!!!,neither,0.06249822150620552,0.3982062575787872,0.5392955209150074
176,wow i missed them so much and didn't realize it until just now,neither,0.029899520487456706,0.38488280205798797,0.5852176774545553
177,Spice?,neither,0.039453208442083915,0.33037608806864915,0.6301707034892671
178,DAMN I AM VERY EMO RIGHT NOW,offensive_language,0.043367868017763433,0.7177734602234056,0.23885867175883102
179,Awwww,neither,0.039453208442083915,0.33037608806864915,0.6301707034892671
180,Bidet from Albert!!!!!!! hope y'all had a good new year!,neither,0.08378253981271835,0.1870548140720531,0.7291626461152285
181,Kashaw <3,neither,0.039453208442083915,0.33037608806864915,0.6301707034892671
182,gandsCrit gandsCrit gandsCrit,neither,0.039453208442083915,0.33037608806864915,0.6301707034892671
183,bidet from new orleans,neither,0.044507006622991736,0.21166473641774405,0.7438282569592642
184,Bidet from Arkansas!!! Let's get gandsSubHype gandsSubHype gandsSubHype gandsSubHype gandsSubHype gandsSubHype gandsSubHype gandsSubHype gandsSubHype gandsSubHype gandsSubHype gandsSubHype gandsSubHype gandsSubHype gandsSubHype gandsSubHype gandsSubHype gandsSubHype gandsSubHype gandsSubHype gandsSubHype gandsSubHype gandsSubHype gandsSubHype gandsSubHype gandsSubHype gandsSubHype gandsSubHype gandsSubHype gandsSubHype gandsSubHype gandsSubHype,neither,0.0255454394067108,0.35239268912958593,0.6220618714637033
185,every thing is fine,neither,0.04886733407502074,0.327138138573079,0.6239945273519002
186,REFRESH,neither,0.039453208442083915,0.33037608806864915,0.6301707034892671
187,"Finally caught up for the new year; Critical Role's cast and crew always does an amazing job, I can't wait for this!!",neither,0.028441182542125337,0.34335067629137633,0.6282081411664984
188,REFRESH IF STREAM IS OFFLINE FOR YOU,neither,0.03524434174481271,0.3795335050445907,0.5852221532105966
189,Beep beep,neither,0.039453208442083915,0.33037608806864915,0.6301707034892671
190,Bidet from Colorado,neither,0.04066490145509902,0.30981049537100724,0.6495246031738937
191,Meep meep everyone,offensive_language,0.029888967906347413,0.4927062106388782,0.4774048214547744
192,"Beep beep from Ketchikan, Alaska!",neither,0.04066490145509902,0.30981049537100724,0.6495246031738937
193,Bidet from Texas! Lets hope this year of Critical is better than the last <3 Critters 2017 <3,neither,0.06631459184241986,0.2513313945051403,0.6823540136524398
194,so close omg,neither,0.039409038997996665,0.38341033954328174,0.5771806214587216
195,HYPE IT UP,neither,0.034501699586810604,0.3986292724482924,0.566869027964897
196,Bidet from Kansas!,neither,0.04071751644889743,0.3089174816120565,0.6503650019390461
197,Whats on later,neither,0.03642200965477488,0.3449629873776514,0.6186150029675738
198,@Critternation3000 Blasphemy!,neither,0.039453208442083915,0.33037608806864915,0.6301707034892671
199,"Honey, where is my armor? We have a flying booger messing up the crops again!",neither,0.034433828987141146,0.4029389036614097,0.5626272673514491
200,bidet from Texas,neither,0.040937266849991,0.30518774380265185,0.6538749893473571
201,Is it Thursday yet?!?!?!?!,neither,0.046511356642776266,0.3279484672467925,0.6255401761104311
202,!critmusic,neither,0.039453208442083915,0.33037608806864915,0.6301707034892671
203,Rothfuss hype!,neither,0.039453208442083915,0.33037608806864915,0.6301707034892671
204,I got my GF addicted to this...now she puts me on task trying to find 5e games here in NJ,neither,0.0544125301077514,0.3936341974017655,0.5519532724904831
205,5e,neither,0.039453208442083915,0.33037608806864915,0.6301707034892671
206,BIDET,neither,0.039453208442083915,0.33037608806864915,0.6301707034892671
207,you can do it pit crew!,neither,0.05492266911458005,0.3689711540173578,0.5761061768680621
208,some of you bastards are crazy talented. KUDOS,neither,0.054506341686858216,0.4464744268135887,0.4990192314995532
209,um,neither,0.039453208442083915,0.33037608806864915,0.6301707034892671
210,*** up that dragon,neither,0.03178219098221348,0.4452882494470189,0.5229295595707676
211,hahaa,neither,0.039453208442083915,0.33037608806864915,0.6301707034892671
212,check check,neither,0.039453208442083915,0.33037608806864915,0.6301707034892671
213,<3,neither,0.039453208442083915,0.33037608806864915,0.6301707034892671
214,im calling for help,neither,0.03239069108452899,0.33212511882209234,0.6354841900933786
215,wheniscriticalrole.com episode #82,neither,0.039453208442083915,0.33037608806864915,0.6301707034892671
216,Hail and greetings from scotland,neither,0.03960389393496499,0.2836098023807431,0.6767863036842919
217,There are numerous people who need it.,neither,0.09334438098965253,0.3018168034485559,0.6048388155617915
218,Smoke the flute...,neither,0.03539026178193982,0.3712304408349794,0.5933792973830807
219,Oh shit... I made it to a live show,offensive_language,0.08171376414720226,0.9150896591807648,0.003196576672032994
220,bidet everyone :),offensive_language,0.029888967906347413,0.4927062106388782,0.4774048214547744
221,cheer1,neither,0.039453208442083915,0.33037608806864915,0.6301707034892671
222,i think you mean jarett,neither,0.07114343453945733,0.3964054629811176,0.5324511024794251
223,IT'S THURSDAY!!!,neither,0.03752336384949593,0.3310398501182267,0.6314367860322773
224,@Flightdevil lol true,neither,0.028348855629687624,0.4144514095390621,0.5571997348312504
225,!uptime,neither,0.039453208442083915,0.33037608806864915,0.6301707034892671
226,"it's a BTS cam, no audio",neither,0.037577390278545175,0.34265153449993657,0.6197710752215183
227,Because its in its alpha stage,neither,0.03120415791091198,0.3332133148115015,0.6355825272775865
228,when does start,offensive_language,0.016723538054921182,0.5153604439772241,0.4679160179678546
229,Larkin died,neither,0.039453208442083915,0.33037608806864915,0.6301707034892671
230,beep beep from hotlanta,neither,0.04228451509352876,0.2823214250720796,0.6753940598343917
231,Bidet from Canada,neither,0.04071751644889743,0.3089174816120565,0.6503650019390461
232,Bidet from Seattle,neither,0.040754399270683486,0.3082914838698526,0.650954116859464
233,"So, how many lava-door minions is Raishan going to control in the upcoming fight?",neither,0.04631234738067151,0.3572853485096936,0.5964023041096349
234,bidet from Atlanta GA,neither,0.04042918616695488,0.31381119897869514,0.6457596148543501
235,Bidet from Utah,neither,0.04066490145509902,0.30981049537100724,0.6495246031738937
236,It's 6 am :(,neither,0.03644908617778145,0.33140934347117923,0.6321415703510394
237,Im here,neither,0.1434662745688758,0.3100508756498657,0.5464828497812586
238,gandsSubHype gandsSubHype gandsSubHype gandsSubHype,neither,0.039453208442083915,0.33037608806864915,0.6301707034892671
239,Bidet from Cambridge,neither,0.04062582848913359,0.3104736655757561,0.6489005059351104
240,yey! <3,neither,0.039453208442083915,0.33037608806864915,0.6301707034892671
241,LOL,neither,0.020706217963973744,0.4882283491876925,0.4910654328483337
242,I cannot remember the last time I laughed this hard. Oh God...it hurts.,neither,0.03435571119596725,0.4457448921635681,0.5198993966404646
243,Rocks Machina - The Punk Rock Fantasy Cover Band!!,neither,0.048650786873486174,0.15010959722519268,0.8012396159013211
244,Moar Patrick Rothfuss!,neither,0.039453208442083915,0.33037608806864915,0.6301707034892671
245,that man and his scarves,neither,0.07385035802847324,0.4206341056545681,0.5055155363169586
246,artwork :D,neither,0.039453208442083915,0.33037608806864915,0.6301707034892671
247,wish I could speed read,neither,0.039453208442083915,0.33037608806864915,0.6301707034892671
248,press F to FIXHIM!!!,neither,0.04914831480776245,0.3247843029563336,0.6260673822359039
249,crassPawspurr crassPawspurr crassPawspurr crassPawspurr crassPawspurr crassPawspurr crassPawspurr crassPawspurr crassPawspurr crassPawspurr crassPawspurr crassPawspurr crassPawspurr crassPawspurr crassPawspurr crassPawspurr crassPawspurr,neither,0.039453208442083915,0.33037608806864915,0.6301707034892671
250,A NEW DAY - NO CONCLAVE...we think,neither,0.0435395368747148,0.22040581026629827,0.736054652858987
251,woohoo! watching live 2 weeks in a row :),neither,0.04247120442914276,0.3293380608566752,0.6281907347141822
252,this is so stressful!!,neither,0.048553314101239586,0.37911712130069053,0.5723295645980697
253,#FIXHIM,neither,0.039453208442083915,0.33037608806864915,0.6301707034892671
254,bidet from Germany.,neither,0.04069404815304118,0.30931579984010865,0.6499901520068502
255,Bidet!!!,neither,0.039453208442083915,0.33037608806864915,0.6301707034892671
256,#ResurrectionNotDrugs,neither,0.039453208442083915,0.33037608806864915,0.6301707034892671
257,#FIXHIM,neither,0.039453208442083915,0.33037608806864915,0.6301707034892671
258,bidet fron nj,neither,0.039453208442083915,0.33037608806864915,0.6301707034892671
259,Reminds chat that Sam will not be here today due to a prior commitment,neither,0.06309575692358813,0.31007569724925965,0.6268285458271523
260,still a few minutes before CR,neither,0.03601858010155881,0.3886706946730496,0.5753107252253914
261,Bidet from St. Kitts and Nevis! <3,neither,0.039707514481565565,0.25810042716446263,0.7021920583539719
262,2 minutes,neither,0.039453208442083915,0.33037608806864915,0.6301707034892671
263,Bidet from straya,neither,0.04228451509352876,0.2823214250720796,0.6753940598343917
264,WOW THAT GILMORE <3,neither,0.033319736613885514,0.3977170722870928,0.5689631910990217
265,Dat Vex Art tho,neither,0.03531991734292995,0.3396536853183188,0.6250263973387511
266,Bidet from Louisville again!,neither,0.03865826134861471,0.343868414891415,0.6174733237599702
267,is this live?,neither,0.06264826366348325,0.3248039992423424,0.6125477370941744
268,staying up at 3am to watch live for the first time.....i cant miss this..,neither,0.033576035174711395,0.3556532786617882,0.6107706861635004
269,was that salt bae Scanlan?,neither,0.033028328853589965,0.418276169006432,0.5486955021399781
270,"Hey, Brian W Foster... Great job on TM this week gandsLessthanthree",neither,0.03673213087706051,0.32407089523464083,0.6391969738882985
271,"Bidet from LA, love to Pit Crew, and may Sarenrae be with Scanlan this night!",neither,0.031030308130658574,0.31048225985338856,0.658487432015953
272,"KERR, MY MAN!",offensive_language,0.020282109035550357,0.6265108357367379,0.3532070552277116
273,but still green icon...,neither,0.036758018169606665,0.3291342507617108,0.6341077310686826
274,That's Amondine. She does our cameras!,offensive_language,0.025954944769312555,0.5321036861833689,0.4419413690473186
275,!wallet,neither,0.039453208442083915,0.33037608806864915,0.6301707034892671
276,Loving the art work here,neither,0.07693190696895995,0.2854709929137215,0.6375971001173186
277,BIDET from Tennessee,neither,0.04071751644889743,0.3089174816120565,0.6503650019390461
278,its 0244 cant wait for this to start,neither,0.033896864285276045,0.3033919246276692,0.6627112110870548
279,this chat is so fast,neither,0.047310547428500965,0.37292949465725816,0.5797599579142408
280,Bidet from East Tennessee! TN in the house!,neither,0.0395431715686805,0.306152661193798,0.6543041672375215
281,Yay,neither,0.039453208442083915,0.33037608806864915,0.6301707034892671
282,woo,neither,0.039453208442083915,0.33037608806864915,0.6301707034892671
283,Jeff Spicolli?,neither,0.039453208442083915,0.33037608806864915,0.6301707034892671
284,lol,neither,0.020706217963973744,0.4882283491876925,0.4910654328483337
285,ha Liam with the sneaky bj jokes,neither,0.03231907822721845,0.3426718983512319,0.6250090234215496
286,Oh boy,neither,0.04768565599480007,0.25364348607606696,0.6986708579291329
287,leggo,neither,0.039453208442083915,0.33037608806864915,0.6301707034892671
288,All of the dice that end up in jail should be auctioned off for charity.,neither,0.03884135942663718,0.4241411632436078,0.537017477329755
289,2nd favourite DM! huge respect Mark! :),neither,0.039453208442083915,0.33037608806864915,0.6301707034892671
290,!wallet,neither,0.039453208442083915,0.33037608806864915,0.6301707034892671
291,!wallet,neither,0.039453208442083915,0.33037608806864915,0.6301707034892671
292,hrpgHeyo hrpgHeyo hrpgHeyo,neither,0.039453208442083915,0.33037608806864915,0.6301707034892671
293,haha marisha looks like parappa the rappa : ),neither,0.0456546759354329,0.4151435033903425,0.5392018206742246
294,"fanart 10 mins to go, if you cannot see the fanart please refresh",neither,0.03953660605254915,0.38260798718847694,0.5778554067589738
295,gandsLessthanthree,neither,0.039453208442083915,0.33037608806864915,0.6301707034892671
296,I can't wait.,neither,0.039910734139036584,0.3226106829444422,0.6374785829165213
297,Bidet from Sweden at 03.52!,neither,0.03975527154444088,0.33709410524946704,0.6231506232060922
298,Bidet from Vegas !,neither,0.04085331176405063,0.3066126807163748,0.6525340075195746
299,I know you have spice,neither,0.05807983269466555,0.3952876654546041,0.5466325018507303
300,#Tax'ahlia,neither,0.039453208442083915,0.33037608806864915,0.6301707034892671
301,Still sad I don't have my proper badge. Want to be fancy. :p,neither,0.03541569650434219,0.3945251027312704,0.5700592007643874
302,bidet from ohio!!,neither,0.040754399270683486,0.3082914838698526,0.650954116859464
303,I'm not ready for this,neither,0.030549935520490432,0.30168211213329105,0.6677679523462187
304,AUDINOOOOOOOOOOOOO,neither,0.039453208442083915,0.33037608806864915,0.6301707034892671
305,no sound boios,neither,0.03817021587683215,0.3521518202447505,0.6096779638784173
306,RIP,neither,0.039453208442083915,0.33037608806864915,0.6301707034892671
307,Help!,neither,0.039453208442083915,0.33037608806864915,0.6301707034892671
308,no sound,neither,0.03817021587683215,0.3521518202447505,0.6096779638784173
309,That's right! BOB!,neither,0.034112769930922625,0.3978514616949237,0.5680357683741538
310,I love you Sam!,neither,0.057536275288668025,0.4144735716221656,0.5279901530891664
311,omg thanks for pointing out taryons cup,neither,0.031155234868678175,0.309619212705914,0.6592255524254078
312,"Oh man, Sam has a regular sized cup now!",neither,0.043151324861607714,0.3335724184314749,0.6232762567069174
313,Liam Stubble > Liam Beard,neither,0.039453208442083915,0.33037608806864915,0.6301707034892671
314,Tiny tankard now,neither,0.039453208442083915,0.33037608806864915,0.6301707034892671
315,that's what I'm TAHM BOUT,offensive_language,0.035414845212718066,0.492741988177113,0.4718431666101689
316,haha!,neither,0.03186685585600258,0.4591362902570108,0.5089968538869867
317,HI Erika!!!! <3 ^_^,neither,0.039453208442083915,0.33037608806864915,0.6301707034892671
318,@ginquisitor But the IM wall plug was so goood,neither,0.035942769588560707,0.3784235014036668,0.5856337290077723
319,Hyyyyype,neither,0.039453208442083915,0.33037608806864915,0.6301707034892671
320,Bidet from Denmark,neither,0.04228451509352876,0.2823214250720796,0.6753940598343917
321,Representing from the UAZ Campus!,neither,0.15253735635212987,0.2555559993243818,0.5919066443234885
322,"Bidet from Edmonton, Critters! :D",neither,0.04228451509352876,0.2823214250720796,0.6753940598343917
323,@guymiso Sorry to hear that man,neither,0.04225371497896068,0.4382045122244746,0.5195417727965647
324,oh WOWDAMN Tess,neither,0.051363287716059566,0.22255663153133606,0.7260800807526044
325,is there sound at the moment?,neither,0.04556552453857388,0.29580300473876464,0.6586314707226614
326,Bidet from Washington state,neither,0.07569869260918143,0.20816383471815325,0.7161374726726654
327,Bidet from Seattle,neither,0.040754399270683486,0.3082914838698526,0.650954116859464
328,Bidet,neither,0.039453208442083915,0.33037608806864915,0.6301707034892671
329,"Bidet from BC, Canada!",neither,0.04052303010603489,0.3122184224193425,0.6472585474746226
330,bidet from MN,neither,0.040737273169946825,0.3085821584949149,0.6506805683351382
331,"Bidet from Brisbane, Australia!",neither,0.04062582848913359,0.3104736655757561,0.6489005059351104
332,The fanart is just so beautiful. ^-^,neither,0.04185316886542534,0.3862792677529529,0.5718675633816217
333,I love the quality of all the artwork!,neither,0.03619886782436465,0.3777194055180877,0.5860817266575477
334,https://www.facebook.com/groups/535000653368381/,neither,0.029044786681196123,0.3590922246179487,0.6118629887008551
335,gandsSubHype gandsSubHype gandsSubHype gandsSubHype gandsSubHype gandsSubHype gandsSubHype gandsSubHype gandsSubHype gandsSubHype gandsSubHype gandsSubHype,neither,0.039453208442083915,0.33037608806864915,0.6301707034892671
336,My Brother just got a Job with Image XD,neither,0.020769442706396697,0.4732071666454091,0.5060233906481941
337,Beep beep from Texas,neither,0.040937266849991,0.30518774380265185,0.6538749893473571
338,beep beep from washington,neither,0.04080695066346891,0.3073995495860776,0.6517934997504536
339,I wonder if Liam is going to let Vax retire,neither,0.025121886601924485,0.4002320285196909,0.5746460848783846
340,Probably not but it would be cool to see the aftermath of him not returning,neither,0.037307435842779735,0.3429024278790979,0.6197901362781224
341,"This is StalkerCam, StalkerCam has no sound",neither,0.04842243399245367,0.3372817353473371,0.6142958306602093
342,please dont bite my head off but who is this Denise?,neither,0.032860123224646084,0.4663130613108354,0.5008268154645186
343,hey guys go to https://www.facebook.com/groups/535000653368381/ for the chance to win some cool stuff in our next give away!,neither,0.031965896772553265,0.32956891039861225,0.6384651928288344
344,bidet from Michigan,neither,0.04076955598142026,0.3080342349327864,0.6511962090857933
345,"there is sound but mine keeps dumping on me, may be time for a reboot... >_> #WEKNOW",neither,0.033540781871664885,0.3228970054450259,0.6435622126833092
346,i miss scanland,neither,0.02789410451089843,0.3343517939602593,0.6377541015288424
347,hiya,neither,0.039453208442083915,0.33037608806864915,0.6301707034892671
348,puts out treats for everyone in chat,neither,0.029214540208773,0.3901505354121722,0.5806349243790548
349,Bidet,neither,0.039453208442083915,0.33037608806864915,0.6301707034892671
350,Hello chat.,neither,0.039453208442083915,0.33037608806864915,0.6301707034892671
351,"jeepsers there are a lot of canucks here, awesome!",neither,0.10080049711847246,0.23890278171894375,0.6602967211625839
352,I have such a bad feeling...,neither,0.035621964869907805,0.3368694484996703,0.627508586630422
353,"Oh... Sam, no...",neither,0.044587209163531344,0.2885974666646725,0.6668153241717962
354,gandsApplaud gandsApplaud,neither,0.039453208442083915,0.33037608806864915,0.6301707034892671
355,DatSheffy USA USA USA DatSheffy,neither,0.039453208442083915,0.33037608806864915,0.6301707034892671
356,SAM WHY,neither,0.02578318273544294,0.3504161517690243,0.6238006654955328
357,For your Gif pleasure.,neither,0.0582825838009523,0.29661345147598395,0.6451039647230637
358,The chew,neither,0.03843498882663835,0.31168514531390124,0.6498798658594604
359,gandsDrink,neither,0.039453208442083915,0.33037608806864915,0.6301707034892671
360,My stomach is rumbling now,neither,0.034053551058734206,0.4251721897705233,0.5407742591707426
361,"Sam, you are a true HERO!",neither,0.08293299086059766,0.3277018283719232,0.5893651807674791
362,Best Participation Ribbon Ever !!!,neither,0.0386025133990086,0.32325247730114504,0.6381450092998464
363,woooooo!!,neither,0.039453208442083915,0.33037608806864915,0.6301707034892671
364,CELEBRATE,neither,0.039453208442083915,0.33037608806864915,0.6301707034892671
365,gandsMatt,neither,0.039453208442083915,0.33037608806864915,0.6301707034892671
366,WE GOT PEANUTS! WE GOT COTTON CANDY!,neither,0.03763616201228315,0.3919901106057502,0.5703737273819666
367,WOOOOOOO!!!,neither,0.039453208442083915,0.33037608806864915,0.6301707034892671
368,Support 826LA on behalf of Geek & Sundry! https://twitch.streamlabs.com/geekandsundry - and visit 826la.org to learn more about the great things they do!,neither,0.052745137848390966,0.3033692697017532,0.6438855924498559
369,I'm so glad Darin is joining them today! Love the voices!,neither,0.05058741685025133,0.3346241689531558,0.6147884141965929
370,Awww I miss Bob Jenkins,neither,0.0336901050389056,0.33235828359958114,0.6339516113615133
371,Very cool,neither,0.039453208442083915,0.33037608806864915,0.6301707034892671
372,That is really cool,neither,0.04462743505598992,0.3805753640509954,0.5747972008930147
373,SOlid,neither,0.039453208442083915,0.33037608806864915,0.6301707034892671
374,yooo,neither,0.039453208442083915,0.33037608806864915,0.6301707034892671
375,all the swag yeees yesss,neither,0.037771620691394905,0.41813523760040544,0.5440931417081996
376,MATHS,neither,0.039453208442083915,0.33037608806864915,0.6301707034892671
377,!questions,neither,0.039453208442083915,0.33037608806864915,0.6301707034892671
378,YUNG JORDAN,neither,0.039453208442083915,0.33037608806864915,0.6301707034892671
379,Bidet from Finland!,neither,0.04228451509352876,0.2823214250720796,0.6753940598343917
380,i would like to rage,neither,0.059469071796770086,0.3359405510146957,0.6045903771885341
