,text,top_class,hate_speech,offensive_language,neither
0,bidet,neither,0.039453208442083915,0.33037608806864915,0.6301707034892671
1,RIP Leonard Cohen :(,neither,0.039453208442083915,0.33037608806864915,0.6301707034892671
2,"FaelanaWolfling - Bees knees, from Eastern Ontario",neither,0.040145229963183364,0.3186306768233371,0.6412240932134796
3,"Anotehr question: If you had to pick one person on the show, player or character, to be leader of the world, who would you pick?",neither,0.0563105476217505,0.3685386561417025,0.575150796236547
4,Bidet from Florida,neither,0.0408948396164547,0.30590784468201904,0.6531973157015263
5,Bidet from Massachusetes,neither,0.04228451509352876,0.2823214250720796,0.6753940598343917
6,Oh hay guys.... Since I have your attention. I want to go on record that I will NOT be supporting Alpha...,neither,0.05726141445740807,0.32519387504291425,0.6175447104996777
7,The torches are fixed YAY,neither,0.06214867068323453,0.2741857345452723,0.6636655947714931
8,Crit role on my birthday! yay!,neither,0.02837832809683493,0.410974617330146,0.5606470545730191
9,100% historically inaccurate,neither,0.039453208442083915,0.33037608806864915,0.6301707034892671
10,Just a beautiful piece of theatre.,neither,0.035843044589727126,0.3472608916081284,0.6168960638021443
11,WELL DONE SAM,neither,0.038657215430841364,0.34388616684565665,0.6174566177235021
12,lucky guy....totally not jealous of him...,neither,0.03805035327094933,0.34143234644653353,0.6205173002825171
13,whats with all the hate? did I miss something,neither,0.1356838825673605,0.34257824248360386,0.5217378749490357
14,wut,neither,0.039453208442083915,0.33037608806864915,0.6301707034892671
15,DONT SUPPORT ALPHA!,neither,0.07084014407679881,0.3195806816370257,0.6095791742861755
16,Matt said there is new tech that is giving them trouble but they are working on it!,neither,0.06660369402592478,0.2644708748280219,0.6689254311460533
17,1,neither,0.039453208442083915,0.33037608806864915,0.6301707034892671
18,Yay!,neither,0.039453208442083915,0.33037608806864915,0.6301707034892671
19,deja vu shiiiiit,neither,0.039453208442083915,0.33037608806864915,0.6301707034892671
20,Percy Kreygasm Kreygasm Kreygasm,neither,0.039453208442083915,0.33037608806864915,0.6301707034892671
21,"chat freedom, rejoice",neither,0.039453208442083915,0.33037608806864915,0.6301707034892671
22,WOOO MERCER,neither,0.039453208442083915,0.33037608806864915,0.6301707034892671
23,@dsean1991 do shh dear,neither,0.04137783249914583,0.3297141216006297,0.6289080459002243
24,"turn up the good, turn down the suck",neither,0.0501316658541796,0.34937106880119506,0.6004972653446252
25,@GeekandSundry Thank you :D,neither,0.07325166854587051,0.4363263848507848,0.4904219466033448
26,Cenokir is amazing!!,neither,0.051766257226869686,0.3261410659692903,0.62209267680384
27,gandsTeamNoStream,neither,0.039453208442083915,0.33037608806864915,0.6301707034892671
28,gandsNopeNopeNope gandsNopeNopeNope gandsNopeNopeNope gandsNopeNopeNope gandsNopeNopeNope,neither,0.039453208442083915,0.33037608806864915,0.6301707034892671
29,gandsTeamNoStream gandsTeamNoStream gandsTeamNoStream gandsNopeNopeNope gandsNopeNopeNope gandsNopeNopeNope gandsTeamNoStream gandsTeamNoStream gandsTeamNoStream,neither,0.039453208442083915,0.33037608806864915,0.6301707034892671
30,gandsFail gandsFail gandsFail gandsFail gandsFail gandsFail gandsFail gandsFail gandsFail gandsFail gandsFail gandsFail gandsFail gandsFail gandsFail gandsFail gandsFail gandsFail gandsFail gandsFail gandsFail gandsFail gandsFail gandsFail gandsFail gandsFail gandsFail gandsFail gandsFail gandsFail gandsFail gandsFail gandsFail gandsFail gandsFail gandsFail gandsFail gandsFail gandsFail gandsFail gandsFail gandsFail gandsFail gandsFail,neither,0.039453208442083915,0.33037608806864915,0.6301707034892671
31,VAX has 2 actions and 1 bonus action.,neither,0.03913382784499291,0.295955923998951,0.664910248156056
32,Sextuplets OneHand,neither,0.039453208442083915,0.33037608806864915,0.6301707034892671
33,Netherlands reporting in again.,neither,0.037579274741610234,0.3621816335429348,0.6002390917154549
34,"bidet from sheboygan, WI! any other sheboyganites here?",neither,0.08235905512714069,0.28094996249895465,0.6366909823739046
35,BIDET FROM MARS,neither,0.04066490145509902,0.30981049537100724,0.6495246031738937
36,Bidet from Colorado,neither,0.04066490145509902,0.30981049537100724,0.6495246031738937
37,The Colony Texas here,neither,0.10742035540909177,0.259744193796204,0.6328354507947043
38,Praying that pike is heeere,neither,0.04405202138229576,0.37557809385780416,0.5803698847599001
39,@denanstus_malum Weren't those dragon figures limited edition or something?,neither,0.052113722338443864,0.29152497734116145,0.6563613003203947
40,bidet from au - last time watching live as I am back in the workforce next week,neither,0.0397008386203209,0.3480891873219748,0.6122099740577044
41,Bidet from SD gandsFail,neither,0.04228451509352876,0.2823214250720796,0.6753940598343917
42,Kill it with not fire!,hate_speech,0.3940365457790325,0.21658567896568645,0.38937777525528106
43,gandsFail gandsFail gandsFail gandsFail gandsFail gandsFail gandsFail,neither,0.039453208442083915,0.33037608806864915,0.6301707034892671
44,gandsRage,neither,0.039453208442083915,0.33037608806864915,0.6301707034892671
45,pokketD pokketD pokketD pokketD pokketD pokketD,neither,0.039453208442083915,0.33037608806864915,0.6301707034892671
46,gandsFail gandsFail gandsFail gandsFail,neither,0.039453208442083915,0.33037608806864915,0.6301707034892671
47,Water Sphere?,neither,0.039453208442083915,0.33037608806864915,0.6301707034892671
48,wow,neither,0.039453208442083915,0.33037608806864915,0.6301707034892671
49,GROG NO,neither,0.036918905254960256,0.3733898271584121,0.5896912675866277
50,Hamilton. YES.,neither,0.039453208442083915,0.33037608806864915,0.6301707034892671
51,he forgot advantage,neither,0.044636448792347794,0.3285933340315841,0.6267702171760682
52,gandsSubHype gandsSubHype gandsSubHype gandsSubHype chooo choo hype train,neither,0.039453208442083915,0.33037608806864915,0.6301707034892671
53,hello brian,neither,0.039453208442083915,0.33037608806864915,0.6301707034892671
54,The lack of instant VODs and the interface from Alpha just makes it a worse use of my cash.,neither,0.01963067488721893,0.3185559389376397,0.6618133861751415
55,42,neither,0.039453208442083915,0.33037608806864915,0.6301707034892671
56,Yeehaw!,neither,0.039453208442083915,0.33037608806864915,0.6301707034892671
57,Bad joke :(,neither,0.03491360386694278,0.3319374662483432,0.6331489298847139
58,@operativePete CR is this week,neither,0.04731420848187367,0.3291706491395693,0.623515142378557
59,I just signed up for alpha im so excited,neither,0.030112013521954195,0.4095637015364687,0.560324284941577
60,Fill me in on what has happened in a simple 2-3 sentence.,neither,0.03637230091008243,0.3566563350106247,0.606971364079293
61,Cannot wait for this episode. It's gonna be nuts tamLove,neither,0.033907275821453566,0.34437636319953063,0.6217163609790158
62,damnnnnn,neither,0.039453208442083915,0.33037608806864915,0.6301707034892671
63,gandsTrinketArmor gandsTrinket For the win,neither,0.03045968165803657,0.27089736810521176,0.6986429502367517
64,Wuuuuuuuu,neither,0.039453208442083915,0.33037608806864915,0.6301707034892671
65,nununununinteeeeen,neither,0.039453208442083915,0.33037608806864915,0.6301707034892671
66,lol so great,neither,0.02684231837490469,0.4257016600849317,0.5474560215401637
67,i'm so confused,neither,0.0394086540807396,0.3972910955319525,0.5633002503873079
68,their faces omg,neither,0.039453208442083915,0.33037608806864915,0.6301707034892671
69,And Kevin,neither,0.03844841902382581,0.27779194058176504,0.6837596403944092
70,lmfao,neither,0.05470637918084239,0.32512982320825545,0.6201637976109021
71,wtf Sam...,offensive_language,0.042835778881307233,0.6241470523812551,0.3330171687374376
72,Alpha still don't work,neither,0.03858849709645985,0.3450524963206727,0.6163590065828676
73,DICK & JOHNSON HYPE,offensive_language,0.06095770568097913,0.8448360316967755,0.0942062626222454
74,"Yeah it was a good run, sad to see it go!",neither,0.029165996573434487,0.4174230533713458,0.5534109500552198
75,"It's a shame, I love the show but I'm not subbing to alpha for one show.",neither,0.04938061518127655,0.2523189317651135,0.6983004530536099
76,gandsSCANLAN,neither,0.039453208442083915,0.33037608806864915,0.6301707034892671
77,gandsPitCrew gandsPitCrew gandsPitCrew,neither,0.039453208442083915,0.33037608806864915,0.6301707034892671
78,@herculesatan_0o I think it is cc only,neither,0.04677963771069468,0.3189680717498596,0.6342522905394458
79,PIT CREW,neither,0.039453208442083915,0.33037608806864915,0.6301707034892671
80,:D,neither,0.039453208442083915,0.33037608806864915,0.6301707034892671
81,VoteYea,neither,0.039453208442083915,0.33037608806864915,0.6301707034892671
82,Denise is Brian's Mr. Robot.,neither,0.04583567859949098,0.3281808639095022,0.6259834574910069
83,gandsPitCrew gandsPitCrew gandsPitCrew,neither,0.039453208442083915,0.33037608806864915,0.6301707034892671
84,gandsPitCrew gandsPitCrew gandsPitCrew gandsPitCrew,neither,0.039453208442083915,0.33037608806864915,0.6301707034892671
85,gandsPitCrew gandsPitCrew gandsPitCrew gandsPitCrew,neither,0.039453208442083915,0.33037608806864915,0.6301707034892671
86,dont spoil the show by talking about Alpha.,neither,0.049033327439324585,0.3146507548190323,0.6363159177416431
87,not if they have Wil touch Matt's dice :D,neither,0.025852283304820214,0.3792677107070563,0.5948800059881236
88,bidet ya'll! 3rd time watching live!,offensive_language,0.030015107192827843,0.5386237625766629,0.43136113023050937
89,@GaeaCa Happy Thursday!,neither,0.039453208442083915,0.33037608806864915,0.6301707034892671
90,Hi Dustin,neither,0.039453208442083915,0.33037608806864915,0.6301707034892671
91,gandsPitCrew,neither,0.039453208442083915,0.33037608806864915,0.6301707034892671
92,!wallet,neither,0.039453208442083915,0.33037608806864915,0.6301707034892671
93,!wallet,neither,0.039453208442083915,0.33037608806864915,0.6301707034892671
94,Beep beep from Bar Harbor,neither,0.0404490119039584,0.3134747044806948,0.6460762836153469
95,first time watching live!!!!,neither,0.035132063701548165,0.3516282956383994,0.6132396406600524
96,gandsSubHype gandsSubHype gandsSubHype gandsSubHype gandsSubHype gandsSubHype gandsSubHype gandsSubHype gandsSubHype gandsSubHype gandsSubHype gandsSubHype gandsSubHype gandsSubHype,neither,0.039453208442083915,0.33037608806864915,0.6301707034892671
97,GROG,neither,0.039453208442083915,0.33037608806864915,0.6301707034892671
98,Oh snap. No Grog? Good luck Vox.,neither,0.04264972824225596,0.2992856697841735,0.6580646019735704
99,Where is travis at??,neither,0.04879301728248615,0.3199111931073822,0.6312957896101317
100,No Gtog? but who is going to rage?,neither,0.04782518612087229,0.4258379443192928,0.5263368695598349
101,slightly german surfer,neither,0.039453208442083915,0.33037608806864915,0.6301707034892671
102,When is Bill and Ted 3 coming out? and is this Sam's audition?,neither,0.0386613174314193,0.3206711250459149,0.6406675575226657
103,what,neither,0.05777077361680874,0.3180719994247239,0.6241572269584672
104,Sam is the best person on the planet,neither,0.04123708831117148,0.3095842066956565,0.6491787049931719
105,gandsSCANLAN gandsSCANLAN gandsSCANLAN gandsSCANLAN gandsSCANLAN gandsSCANLAN gandsSCANLAN gandsSCANLAN gandsSCANLAN gandsSCANLAN gandsSCANLAN gandsSCANLAN gandsSCANLAN gandsSCANLAN gandsSCANLAN gandsSCANLAN gandsSCANLAN gandsSCANLAN gandsSCANLAN gandsSCANLAN gandsSCANLAN,neither,0.039453208442083915,0.33037608806864915,0.6301707034892671
106,F Alpha,neither,0.039453208442083915,0.33037608806864915,0.6301707034892671
107,Woot!,neither,0.039453208442083915,0.33037608806864915,0.6301707034892671
108,woot,neither,0.039453208442083915,0.33037608806864915,0.6301707034892671
109,"@MojoShoujo, you can Trinketly wait? o.O",neither,0.07146197415703197,0.4058373802038176,0.5227006456391504
110,@Samriegel What'd you do now,neither,0.0883585362693541,0.3997167234296783,0.5119247403009676
111,VoHiYo <---- Denise,neither,0.039453208442083915,0.33037608806864915,0.6301707034892671
112,fran fravrites,neither,0.039453208442083915,0.33037608806864915,0.6301707034892671
113,it's so weird hearing her not doing an accent,offensive_language,0.03173084326467232,0.5128588373810476,0.4554103193542801
114,#WillLarkinsaveus?,neither,0.039453208442083915,0.33037608806864915,0.6301707034892671
115,Bidet would like to rage? @Pit_Crew,neither,0.059469071796770086,0.3359405510146957,0.6045903771885341
116,below 18,neither,0.039453208442083915,0.33037608806864915,0.6301707034892671
117,I hope vex lives,neither,0.09254113843942398,0.1867804337839884,0.7206784277765876
118,WOOOOOOOOOOOOOOO!!!!!!!!!!!!,neither,0.039453208442083915,0.33037608806864915,0.6301707034892671
119,is it thordak yet?,neither,0.050052695646254655,0.32673043837326265,0.6232168659804829
120,Reminds me of loreena mckennitt too,neither,0.031540457953011684,0.3766406321427884,0.5918189099041999
121,gandsSubHype gandsSubHype gandsSubHype gandsSubHype gandsSubHype,neither,0.039453208442083915,0.33037608806864915,0.6301707034892671
122,HYPE HYPE HYPE,neither,0.039453208442083915,0.33037608806864915,0.6301707034892671
123,AHHH,neither,0.039453208442083915,0.33037608806864915,0.6301707034892671
124,So long as Scanlan doesn't die I believe I can be content.,neither,0.1263543684260387,0.2353708042825546,0.6382748272914067
125,You think it's going to be Intense? LOL,neither,0.049740286515924007,0.4433685958711586,0.5068911176129174
126,#WeKnow,neither,0.039453208442083915,0.33037608806864915,0.6301707034892671
127,#we know,neither,0.03914817603122934,0.3355532841520078,0.6252985398167629
128,F'ing brilliant,neither,0.039453208442083915,0.33037608806864915,0.6301707034892671
129,BEEP BEEP,neither,0.039453208442083915,0.33037608806864915,0.6301707034892671
130,shirtception,neither,0.039453208442083915,0.33037608806864915,0.6301707034892671
131,OMG IT LOOKS LIKE A PENIS,neither,0.048177170569127716,0.34609740396047983,0.6057254254703924
132,"Its the final count down, du nuh nuh nuh du dan nah nah",neither,0.03723561032527832,0.32591680021273284,0.6368475894619889
133,@BrianWFoster HAHA Y'all are great,neither,0.06320966061451125,0.40478781481004417,0.5320025245754446
134,A BLACK SCREEN,neither,0.0688425776513419,0.3074453880852506,0.6237120342634075
135,@GeekandSundry U DA BES PIT CREW,neither,0.06299715923281743,0.41652060977828576,0.5204822309888969
136,taliesin is slightly disappointed they arent teeth,neither,0.0447323030647416,0.3285603653518525,0.6267073315834061
137,"@Chovexani, you can buy chocolate and other candy from around the world, online ;)",neither,0.04881213667343804,0.3052962360184293,0.6458916273081327
138,laura and the second row,neither,0.037983359208250606,0.278245147040228,0.6837714937515216
139,gandsGandsPoo gandsGandsPoo gandsGandsPoo,neither,0.039453208442083915,0.33037608806864915,0.6301707034892671
140,dream team those two are,neither,0.09864149881223754,0.2133350002065645,0.6880235009811979
141,Oh yay!,neither,0.04569598332783503,0.2713197213800484,0.6829842952921167
142,Love that title card.,neither,0.0334312387320829,0.3808936859164265,0.5856750753514905
143,pit crewwww!,neither,0.039453208442083915,0.33037608806864915,0.6301707034892671
144,it will be on any second. I know because suddenly I need to pee,neither,0.04183656405581826,0.3230025282326594,0.6351609077115223
145,HIT IT DENISE!,neither,0.03681196396511082,0.33128453316013706,0.631903502874752
146,IT IS LIVE!!!!!,neither,0.059689542953429264,0.3234158846808855,0.6168945723656852
147,Did it just start???,neither,0.032280300364216544,0.3576880729513608,0.6100316266844227
148,The punchline for the wedding would then be THE ARISTOCRATS,neither,0.03292825580081344,0.2715805287059064,0.6954912154932801
149,3-5 Circle danDerp,neither,0.039453208442083915,0.33037608806864915,0.6301707034892671
150,gandsCrit gandsCrit gandsCrit gandsSubHype gandsSubHype gandsSubHype gandsSubHype gandsSubHype gandsSubHype gandsSubHype gandsSubHype gandsSubHype gandsSubHype gandsSubHype,neither,0.039453208442083915,0.33037608806864915,0.6301707034892671
151,That Thordak was AMAZIN,neither,0.03528235240814021,0.3765705787618789,0.5881470688299808
152,hello all,neither,0.04217753453783664,0.4373438332385548,0.5204786322236087
153,super excited,neither,0.039453208442083915,0.33037608806864915,0.6301707034892671
154,gandsCrit gandsCrit gandsCrit,neither,0.039453208442083915,0.33037608806864915,0.6301707034892671
155,@StarblindCelestial Same bro first time I'm watching live,neither,0.0365421057516902,0.3548825031475137,0.6085753911007961
156,Bidet from RI!,neither,0.04069404815304118,0.30931579984010865,0.6499901520068502
157,Really excited not to be working today so I can watch these amazing people play my favourite game. Love from Brisbane Australia! :),neither,0.053193448023259,0.3866662849716733,0.5601402670050677
158,Bidet!,neither,0.039453208442083915,0.33037608806864915,0.6301707034892671
159,bidet,neither,0.039453208442083915,0.33037608806864915,0.6301707034892671
160,bidet everyone !,offensive_language,0.029888967906347413,0.4927062106388782,0.4774048214547744
161,I'm going to kill this bag of chips before the show starts. lol,neither,0.23271280305202885,0.2440786498856445,0.5232085470623267
162,gandsSCANLAN get some flute action,neither,0.032118138010971464,0.3499607999248216,0.6179210620642069
163,I'm a mix of gandsSubHype gandsSubHype gandsSubHype and gandsNopeNopeNope gandsNopeNopeNope gandsNopeNopeNope,neither,0.03848495148651928,0.2800202048493777,0.6814948436641032
164,So many other Canadians in the chat tonight! Bless!,neither,0.036731189836865526,0.3328819690058942,0.6303868411572402
165,wb fellow critters,neither,0.039453208442083915,0.33037608806864915,0.6301707034892671
166,oh Oh OHHHHH,neither,0.048342199966045184,0.2479405696762416,0.7037172303577133
167,PogChamp LET'S GO,neither,0.018063164841337492,0.39391011985298136,0.5880267153056813
168,Will someone fix the title?,neither,0.039855608635863134,0.2964891449033069,0.6636552464608301
169,!!!,neither,0.039453208442083915,0.33037608806864915,0.6301707034892671
170,"stocks down, gaming computer dead... only CRITICAL ROLE can save my day!!!1!!!",neither,0.03408312503979373,0.3628276232729439,0.6030892516872624
171,Whats up guys?,neither,0.03641682201669345,0.3917751126048098,0.5718080653784968
172,Wait is Ashley gonna be here?,neither,0.09067950648608868,0.336342991466081,0.5729775020478303
173,soon,neither,0.039453208442083915,0.33037608806864915,0.6301707034892671
174,cant wait,neither,0.039453208442083915,0.33037608806864915,0.6301707034892671
175,so excited!!!!,neither,0.03940839469474773,0.3948270312238364,0.565764574081416
176,First time watching live!!! Watching from Antartica Kappa,neither,0.03744163540266464,0.3320620907359405,0.6304962738613948
177,nice gifs,neither,0.039453208442083915,0.33037608806864915,0.6301707034892671
178,gandsSubHype gandsSubHype gandsSCANLAN gandsSCANLAN gandsSubHype gandsSubHype gandsSCANLAN gandsSCANLAN gandsGandsPoo gandsCrit gandsGandsPoo gandsCrit gandsSCANLAN gandsSCANLAN gandsSubHype gandsSCANLAN,neither,0.039453208442083915,0.33037608806864915,0.6301707034892671
179,Bidet y'all from Michigan!,neither,0.043111242040269636,0.3958070657996109,0.5610816921601195
180,@Panaxjr No this is Eric's show,neither,0.0649711092915889,0.2662151411800862,0.6688137495283248
181,So conflicted between watching all of Critical Role on Thursday or switching over to the Switch announcement X(,neither,0.039957558256496314,0.3905470602116541,0.5694953815318495
182,yeah alpha is like 5 a month just like twitch,neither,0.04154216291190934,0.4369623165225289,0.5214955205655616
183,Bidet from north Alabama!!!,neither,0.04045413474999068,0.3133877564139642,0.6461581088360451
184,gandsTeamNoStream,neither,0.039453208442083915,0.33037608806864915,0.6301707034892671
185,@strayfuh 5e with some carryover from pathfinder,neither,0.016447912473927972,0.3833915837235165,0.6001605038025556
186,ahmg the mouse percy is toooo cute,neither,0.045499350497423,0.2967639582927327,0.6577366912098443
187,bidey from kentucky,neither,0.04071751644889743,0.3089174816120565,0.6503650019390461
188,LOL,neither,0.020706217963973744,0.4882283491876925,0.4910654328483337
189,@dapperdemonologist I know how that feels last episode was my first episode after binge watching Critical Role from the beginning!,neither,0.030335901442919932,0.3710677890280372,0.5985963095290427
190,Bidet from Auckland NZ,neither,0.04228451509352876,0.2823214250720796,0.6753940598343917
191,I can't believe how close that was last week.. one more round of raishan would have been TPK,neither,0.03692712708644327,0.37170121327054745,0.5913716596430092
192,A,neither,0.039453208442083915,0.33037608806864915,0.6301707034892671
193,"Bidet from Chongqing, China",neither,0.04079557052152802,0.3075927002946183,0.6516117291838538
194,amazon has all the booms on sale @spartship,neither,0.037500636386511466,0.3946665685399014,0.5678327950735872
195,"""dont cry...""",neither,0.039453208442083915,0.33037608806864915,0.6301707034892671
196,swiftfingers : no worries :D,neither,0.03848957175417732,0.3467315175537778,0.6147789106920449
197,"""Brian will not let me leave. Please send help!""",neither,0.02524198931049035,0.3650646229355673,0.6096933877539423
198,Think they will be on time?,neither,0.03755937376345295,0.3349806497286316,0.6274599765079155
199,"Flight, Matt has said their assimir",neither,0.039780189896091375,0.3248263594405478,0.6353934506633608
200,Bidet from Cal,neither,0.04066490145509902,0.30981049537100724,0.6495246031738937
201,gives DEATHlikescats a hug despite his username,neither,0.05568069819602348,0.3319670973409691,0.6123522044630073
202,"@DEATHlikescats, ;)",neither,0.039453208442083915,0.33037608806864915,0.6301707034892671
203,"Finally caught up, first stream hype!",neither,0.03289493529580919,0.3681714680991222,0.5989335966050686
204,Lol.,neither,0.020706217963973744,0.4882283491876925,0.4910654328483337
205,Thanks mods,neither,0.035884468650613,0.3004919205142699,0.6636236108351171
206,bidet from lloydminster,neither,0.04228451509352876,0.2823214250720796,0.6753940598343917
207,"Friday more FOR HONOR on both Geek&Sundry and Nerdist Twitch with the Nerdist hosts from 9am to 12pm PST. Saturday we're back with Brian Wayne Foster of Talks Machina, Nerdcore artist Logic and Amy Vorpahl. Sunday we're up with Erika Ishii, OMGItsFirefox and Ify. Both weekends are 12 to 3pm. ForHonorGame.com/War to sign up for the beta, learn more, etc",neither,0.04306562060110382,0.3003296627111448,0.6566047166877514
208,!wallet,neither,0.039453208442083915,0.33037608806864915,0.6301707034892671
209,It is currently 6:51 PM at the Geek & Sundry studio in California.,neither,0.0534460154289174,0.3294088346371876,0.617145149933895
210,"bidet from Maumee, Ohio!",neither,0.040754399270683486,0.3082914838698526,0.650954116859464
211,beep beep from NZ!,neither,0.04228451509352876,0.2823214250720796,0.6753940598343917
212,INDIANA woot,neither,0.039453208442083915,0.33037608806864915,0.6301707034892671
213,WutFace,neither,0.039453208442083915,0.33037608806864915,0.6301707034892671
214,Metalzdragon I'm from western pa too!!,neither,0.040106671016389976,0.3192851227812529,0.6406082062023571
215,Jennifer Grey ftw,neither,0.039453208442083915,0.33037608806864915,0.6301707034892671
216,I got my critical Role socks today and wearing them tonight,neither,0.035882765098925934,0.35135062490957314,0.6127666099915009
217,bidet all,offensive_language,0.046917543854519406,0.6277741405869331,0.3253083155585475
218,Anyone know what Matt's shirt is? (other than a 3 wolf moon parody),neither,0.04733720007687781,0.3308625981409148,0.6218002017822073
219,I really dont want to code tonight :/,neither,0.042991350156311406,0.3041655302402693,0.6528431196034192
220,@Silencbank Bidet!,neither,0.039453208442083915,0.33037608806864915,0.6301707034892671
221,:D,neither,0.039453208442083915,0.33037608806864915,0.6301707034892671
222,SOMEONE FIX THIS!!!,neither,0.03934701219110838,0.332178515597834,0.6284744722110577
223,"Says they're live, but...?",neither,0.06153265499141052,0.3077588358480474,0.630708509160542
224,"@SpeedDemonStar, it is now with art, refresh",neither,0.034896985271812814,0.3585275043951094,0.6065755103330779
225,"Bidet from (unfortunately) North Carolina! SAVE THE GNOME, SAVE THE WORLD!!!!! gandsSCANLAN gandsSCANLAN gandsSCANLAN gandsSCANLAN gandsSCANLAN gandsSCANLAN gandsSCANLAN",neither,0.03906310888042025,0.3043549326243181,0.6565819584952618
226,Bidet,neither,0.039453208442083915,0.33037608806864915,0.6301707034892671
227,TODAY SHALL BE A SHOPPING EPISODE.,neither,0.03864768620668845,0.31596172425803176,0.6453905895352801
228,Yay it's Thursday!! :D,neither,0.038068455102288457,0.3308523682409035,0.6310791766568079
229,Press F to #FIXHIM #SaveOurBard,neither,0.04914831480776245,0.3247843029563336,0.6260673822359039
230,Bidet from SWFL!,neither,0.04228451509352876,0.2823214250720796,0.6753940598343917
231,bidet from england,neither,0.04071751644889743,0.3089174816120565,0.6503650019390461
232,"grogs ""fix him""s from last week where chilling",neither,0.04144808860107368,0.2965177655482412,0.6620341458506852
233,I am so in love with all of this fan art! It's brilliant!,neither,0.030540172956343356,0.44217717830409575,0.5272826487395608
234,kreygasm100 #dicksoutforscanlan,neither,0.039453208442083915,0.33037608806864915,0.6301707034892671
235,"Sam isn't even there this week, they have no excuse for staying late! (;) )",neither,0.03484813495666631,0.31275944625652075,0.652392418786813
236,#fixhim,neither,0.039453208442083915,0.33037608806864915,0.6301707034892671
237,i started dming for my brother and i stole playing music like mercer. he is so good.,neither,0.04057552463050603,0.36699385880549146,0.5924306165640025
238,Stream is live. Unlike Scanlan gandsSCANLAN,neither,0.05086918034700318,0.32644961184427723,0.6226812078087195
239,YEEEEAAAHHHH,neither,0.039453208442083915,0.33037608806864915,0.6301707034892671
240,kNEESLIDES IN time to watch the Scanman kick the bucket,neither,0.04733739890470165,0.315856705028325,0.6368058960669735
241,Fix him ;3;,neither,0.039286977096751115,0.333197467828188,0.6275155550750611
242,return *bro fist*,neither,0.039453208442083915,0.33037608806864915,0.6301707034892671
243,gandsGandsPoo gandsGandsPoo gandsGandsPoo gandsGandsPoo gandsGandsPoo gandsGandsPoo gandsGandsPoo gandsGandsPoo gandsGandsPoo gandsGandsPoo gandsGandsPoo gandsGandsPoo gandsGandsPoo gandsGandsPoo gandsGandsPoo,neither,0.039453208442083915,0.33037608806864915,0.6301707034892671
244,bidet from miami,neither,0.04082729608690459,0.3070542346530501,0.6521184692600454
245,itss getttinn rEALLLLLL,neither,0.039453208442083915,0.33037608806864915,0.6301707034892671
246,CRITROLE TONIGHT,neither,0.03498084806025125,0.2929251180277183,0.6720940339120305
247,#FIXHIM!,neither,0.039453208442083915,0.33037608806864915,0.6301707034892671
248,Bidet,neither,0.039453208442083915,0.33037608806864915,0.6301707034892671
249,3 minutes,neither,0.039453208442083915,0.33037608806864915,0.6301707034892671
250,thank you and bidet,neither,0.0661386321275064,0.34326643701071197,0.5905949308617817
251,cant yet @hungryhalfling gotta go pick up youngest spawn in abit,neither,0.040459553296736235,0.33692322165319755,0.6226172250500663
252,Is it just me or is there no sound?,neither,0.039901812188688934,0.35358103236741784,0.6065171554438932
253,there is no music but i am sure the powers that be are working on it,neither,0.045832006849457575,0.3979171005620363,0.5562508925885061
254,Bidet my glorious friends,neither,0.022077970793004758,0.4757527544997119,0.5021692747072832
255,"I hope they get back to that Deck of Many Things. It's an amazing artifact, would be a shame if they just forgot about it.",neither,0.0398952242195695,0.3440769729528903,0.6160278028275401
256,Bidet from St Petersburg Florida!,neither,0.040544500377262385,0.31185401588366884,0.6476014837390688
257,Is Sam back tonight?,neither,0.04494836675248273,0.30505066604396985,0.6500009672035474
258,bidet,neither,0.039453208442083915,0.33037608806864915,0.6301707034892671
259,Lmfao,neither,0.05470637918084239,0.32512982320825545,0.6201637976109021
260,lmao,neither,0.037050151434762084,0.3711622369619404,0.5917876116032975
261,ENCORE!,neither,0.039453208442083915,0.33037608806864915,0.6301707034892671
262,shocka brah,neither,0.039453208442083915,0.33037608806864915,0.6301707034892671
263,BONZAIIIIII!,neither,0.039453208442083915,0.33037608806864915,0.6301707034892671
264,Galaxy Quest is a classic favorite,neither,0.04512684279246066,0.3284246650476329,0.6264484921599064
265,bidet,neither,0.039453208442083915,0.33037608806864915,0.6301707034892671
266,Is it high noon??,neither,0.04196580466876295,0.4066133984087371,0.5514207969224999
267,!wallet,neither,0.039453208442083915,0.33037608806864915,0.6301707034892671
268,memesquad_ has 6857 coins,neither,0.03989735448983053,0.32283777050957063,0.6372648750005988
269,I wonder if Liam is going to do another one-shot,neither,0.06170447948372665,0.3529087238081336,0.5853867967081399
270,nevermind lol,neither,0.030390423329749658,0.3972060592599654,0.5724035174102851
271,love matts hair,neither,0.035023351694869836,0.35131278149809764,0.6136638668070324
272,This will be my first time getting to watch live! I wasn't scheduled for work today!,neither,0.031501680930861066,0.38335343413535455,0.5851448849337845
273,"""Taryon X Kaylie"" is now a possibility within the CR-multiverse (it's already happening, you can't stop it) - Support or Oppose? sbzyLuv sbzyOmg sbzyMistake",neither,0.06353419142190764,0.3771462026966104,0.5593196058814819
274,TARYON FOR PRESIDENT #gnomelivesmatter,neither,0.03134894029697996,0.2899759577181451,0.6786751019848749
275,lol trying to catch up last ep,neither,0.03600759039689423,0.4108590395953102,0.5531333700077956
276,"Hey. First time live from Midlands, UK. New to D&D and after watching CR can't wait to play.",neither,0.046352452736344106,0.25821920409105426,0.6954283431726016
277,@GeekandSundry VM themed roast for charity. let's make it happen #ROASTMACHINA,neither,0.024779366070387537,0.3309590972872321,0.6442615366423803
278,Destiny Sword PogChamp,neither,0.039453208442083915,0.33037608806864915,0.6301707034892671
279,i bet the players are super excited to play today also,neither,0.058921230382446524,0.2747855520078383,0.6662932176097152
280,BIDET!,neither,0.039453208442083915,0.33037608806864915,0.6301707034892671
281,bidet from NJ,neither,0.04069404815304118,0.30931579984010865,0.6499901520068502
282,GivePLZ it's Thursday my dudes TakeNRG,neither,0.027176770590922262,0.417999444957747,0.5548237844513306
283,retributives has 3840 coins,neither,0.03989735448983053,0.32283777050957063,0.6372648750005988
284,@DsnyPixChck Beep beep! Good to see you in the CR stream!,neither,0.05664569671646533,0.34770175984968904,0.5956525434338455
285,deimos2879 has 403 coins,neither,0.03989735448983053,0.32283777050957063,0.6372648750005988
286,LETS GO.....FIX THE AUDIO TOO,neither,0.038873250843521584,0.3340677515005346,0.6270589976559439
287,AUDINOOOOOOOOOOOOO,neither,0.039453208442083915,0.33037608806864915,0.6301707034892671
288,WHEW,neither,0.039453208442083915,0.33037608806864915,0.6301707034892671
289,Can I get Sam Riegel in a LootCrate delivery,neither,0.03923523032553762,0.3340757455839923,0.6266890240904701
290,gandsSCANLAN gandsSCANLAN gandsSCANLAN gandsSCANLAN gandsSCANLAN,neither,0.039453208442083915,0.33037608806864915,0.6301707034892671
291,My heart is now broken,neither,0.03485826192021558,0.4107066682309551,0.5544350698488293
292,Woot!,neither,0.039453208442083915,0.33037608806864915,0.6301707034892671
293,Got my dice in time :D,neither,0.026531675605510563,0.4777542905262111,0.4957140338682784
294,thor uses magic so he would win,neither,0.04252152455176896,0.3550978507675018,0.6023806246807293
295,YES!! I love comics,neither,0.03671638967746845,0.3431004744712455,0.6201831358512859
296,The *** is a book?,neither,0.04955274145163165,0.3053511504591108,0.6450961080892574
297,"LOL, great comedic timing Trravis",neither,0.032379953216764464,0.350237390806136,0.6173826559770996
298,"You mean Larkin, not Tigger, right?",neither,0.059865210563021715,0.4338274960076789,0.5063072934292995
299,"Talks Machina is on at 7 PM PST, it is currently 6:36 PM PST. There is 23 minutes 35 seconds until the next episode of Talks Machina. This has been asked 20 times.",neither,0.04471916618612861,0.32515031061610605,0.6301305231977654
300,"Hello Amy, hello Matt, hello Taliesin. Happy comic book day!",neither,0.039661540972771886,0.3242427328698524,0.6360957261573758
301,self care hype!,neither,0.039453208442083915,0.33037608806864915,0.6301707034892671
302,hello twitch chat!,neither,0.039453208442083915,0.33037608806864915,0.6301707034892671
303,Bidet fro Wisconsin,neither,0.039453208442083915,0.33037608806864915,0.6301707034892671
304,#IITY,neither,0.039453208442083915,0.33037608806864915,0.6301707034892671
305,Bidet from San Diego,neither,0.040446282760733435,0.3135210251637188,0.6460326920755478
306,Whose the sassy black chick in that last picture?,neither,0.048688245717367365,0.3353164136567319,0.6159953406259007
307,Zoid5 that is one of the best D&D dad jokes of all time,neither,0.04036943754471292,0.425737603429175,0.5338929590261121
308,@MCPepperpockets i worked in ottawa last summer,neither,0.039453208442083915,0.33037608806864915,0.6301707034892671
309,Sup,neither,0.039453208442083915,0.33037608806864915,0.6301707034892671
310,Bidet from UK,neither,0.04079557052152802,0.3075927002946183,0.6516117291838538
311,bidet from new orleans,neither,0.044507006622991736,0.21166473641774405,0.7438282569592642
312,Beep beep from Saskatchewan sk!,neither,0.04228451509352876,0.2823214250720796,0.6753940598343917
313,WOOT! My first time watching live :),neither,0.028237301886223694,0.4101576991098265,0.5616049990039498
314,"Bidet from Utah. Wow, they are super on time",neither,0.05482294209243725,0.3081578084045568,0.6370192495030059
315,SO READY FOR MY FIRST EPISODE,neither,0.02113180538908408,0.4143853766860402,0.5644828179248758
316,beep beep from my own dnd game in utah,neither,0.04636157686526531,0.3414492517628077,0.6121891713719272
317,lol,neither,0.020706217963973744,0.4882283491876925,0.4910654328483337
318,haha,neither,0.03186685585600258,0.4591362902570108,0.5089968538869867
319,Nothing better to do on Switchmas Eve than hangout with the Critters. gandsTrinket gandsTrinket,neither,0.032490868017629786,0.3835861472049695,0.5839229847774008
320,Bidet from Ohio!,neither,0.040754399270683486,0.3082914838698526,0.650954116859464
321,"Tentacles, not Tenticles*",neither,0.035548891444528365,0.3454295093440936,0.6190215992113779
322,"Bidet from Tallahassee, FL lol",neither,0.03246566740127987,0.3696866852590466,0.5978476473396734
323,K-Town here,neither,0.11621608356273258,0.2745092140964011,0.6092747023408662
324,refresh,neither,0.039453208442083915,0.33037608806864915,0.6301707034892671
325,Bidet!,neither,0.039453208442083915,0.33037608806864915,0.6301707034892671
326,Just finishing TAZ and starting this up tonight is one heavy emotional trek,neither,0.03733245549328036,0.34771030707413264,0.6149572374325871
327,Bidet!,neither,0.039453208442083915,0.33037608806864915,0.6301707034892671
328,"Beep beep, ya monstas!!!",offensive_language,0.017331157930923866,0.7872544665869478,0.19541437548212848
329,Bidet from down under,neither,0.040761435001906966,0.30817206914919465,0.6510664958488983
330,gandsSubHype gandsSubHype gandsSubHype gandsSubHype gandsSubHype,neither,0.039453208442083915,0.33037608806864915,0.6301707034892671
331,MISTAKES WERE MADE,neither,0.03975320574959717,0.3096482110572949,0.6505985831931079
332,WHY GODS WHY,neither,0.016768318525353994,0.3685911158159394,0.6146405656587067
333,hi @callen9282 :),neither,0.039453208442083915,0.33037608806864915,0.6301707034892671
334,Dear lord...,neither,0.039453208442083915,0.33037608806864915,0.6301707034892671
335,Does that means Darin De Paul is guesting tonight?,neither,0.029884583857186738,0.4302892186740044,0.5398261974688089
336,LOL,neither,0.020706217963973744,0.4882283491876925,0.4910654328483337
337,lmao,neither,0.037050151434762084,0.3711622369619404,0.5917876116032975
338,Is that a Lego mask from the movie The Mask?!,neither,0.04218035382742792,0.30526806529654776,0.6525515808760244
339,there's a fetishist for that,neither,0.02589412773163235,0.2926331504595401,0.6814727218088276
340,SAX SUPRISE!! HYPE,neither,0.039453208442083915,0.33037608806864915,0.6301707034892671
341,Nice!,neither,0.039453208442083915,0.33037608806864915,0.6301707034892671
342,Give it to meeeeee!,neither,0.044803287135346,0.3268466428484059,0.6283500700162479
343,wooo,neither,0.039453208442083915,0.33037608806864915,0.6301707034892671
344,GET ON IT GUYS,neither,0.03287799688485478,0.3653227276600435,0.6017992754551018
345,@KnightsWhoNi it's like Talking Dead. spoilery and talks about latest episdoe and answer fan questions,neither,0.042451080720359004,0.3085767132746182,0.6489722060050229
346,"Grats on the plug-in, Amy!",neither,0.03687776259346489,0.3283464889383313,0.634775748468204
347,Yay!,neither,0.039453208442083915,0.33037608806864915,0.6301707034892671
348,The fan art blinked O.o,neither,0.0387413607612112,0.3174208538152741,0.6438377854235148
349,@profpen I believe that was a whisper last week,neither,0.03630743157094424,0.3650602430949312,0.5986323253341246
350,10 mins guys,neither,0.039333623225311413,0.3324057612898248,0.6282606154848638
351,Bidet from Ohio,neither,0.040754399270683486,0.3082914838698526,0.650954116859464
352,Bidet from Missouri,neither,0.04071751644889743,0.3089174816120565,0.6503650019390461
353,First time watching live!,neither,0.035132063701548165,0.3516282956383994,0.6132396406600524
354,howdy gang,neither,0.039453208442083915,0.33037608806864915,0.6301707034892671
355,body to forest lol,neither,0.03768872000031538,0.3777525204481563,0.5845587595515283
356,gg Sam,neither,0.039453208442083915,0.33037608806864915,0.6301707034892671
357,LMAOOOO,neither,0.039453208442083915,0.33037608806864915,0.6301707034892671
358,hour and half and how many bottles?,neither,0.038376467103086086,0.2732849544117855,0.6883385784851284
359,Brisbane is pretty good too.. need to get back there,neither,0.05195247694880169,0.29745699234057904,0.6505905307106193
360,Is the comic code still in effect to some extent? Or are there any lingering effects of it?,neither,0.057610205389775127,0.2775664017802277,0.6648233928299971
361,"@zoidburg11 I think it's officially dead, replaced by in-house standard and rating policies that each company decides on their on own.",neither,0.0440289642121479,0.35200366017445084,0.6039673756134011
362,!discord,neither,0.039453208442083915,0.33037608806864915,0.6301707034892671
363,tenzin_gyatso has 1834 coins,neither,0.03989735448983053,0.32283777050957063,0.6372648750005988
364,THANKS CAPTAIN,neither,0.03704741878065195,0.31023031517855193,0.6527222660407961
365,what are we betting on?,neither,0.06939928632443307,0.2963531734207064,0.6342475402548604
366,bidet from California,neither,0.06971251856910228,0.2972619859879888,0.633025495442909
367,@bea5tman Bidet,neither,0.039453208442083915,0.33037608806864915,0.6301707034892671
368,@Thegman324 a fellow Kiwi! good to see,neither,0.046019973301173946,0.3263571457375644,0.6276228809612615
369,Any other Swiss viewers here?,neither,0.08071247686280618,0.29660059354364665,0.6226869295935472
370,Bidet from Alaska,neither,0.04066490145509902,0.30981049537100724,0.6495246031738937
371,bidet from florida!,neither,0.0408948396164547,0.30590784468201904,0.6531973157015263
