,text,top_class,hate_speech,offensive_language,neither
0,dat music,neither,0.039453208442083915,0.33037608806864915,0.6301707034892671
1,"Was about to ask where the heck CR was, then I realized I live in AZ and we don't do daylight savings...",neither,0.04403777012294618,0.3050729752003941,0.6508892546766597
2,@Gaverage whoo-hoo!,neither,0.039453208442083915,0.33037608806864915,0.6301707034892671
3,"It has not started yet, DST ended, so we start in 19 minutes.",neither,0.03796328417598042,0.3575871077976529,0.6044496080263667
4,"Bidet and beep beep from Moncton, Canada",neither,0.039674772959784124,0.2657684621551347,0.6945567648850811
5,boiHello boiHello boiHello boiHello,neither,0.039453208442083915,0.33037608806864915,0.6301707034892671
6,AAHAHAHAHAHA,neither,0.039453208442083915,0.33037608806864915,0.6301707034892671
7,gandsTrinket gandsTrinket gandsTrinket gandsTrinket,neither,0.039453208442083915,0.33037608806864915,0.6301707034892671
8,gandsSubHype gandsSubHype gandsSubHype gandsSubHype gandsSCANLAN gandsSCANLAN gandsSCANLAN,neither,0.039453208442083915,0.33037608806864915,0.6301707034892671
9,Ashley <3 hell yes,offensive_language,0.041372189998284126,0.7169361913414849,0.2416916186602308
10,GeekandSundry the technical difficulty gods. Desync gods!,neither,0.036130326044876586,0.2619290779399786,0.7019405960151449
11,"@GeekandSundry, Mute music??",neither,0.039453208442083915,0.33037608806864915,0.6301707034892671
12,#LARKINWATCH,neither,0.039453208442083915,0.33037608806864915,0.6301707034892671
13,HAHAHAHAHAH,neither,0.039453208442083915,0.33037608806864915,0.6301707034892671
14,JIF FOREVER,neither,0.039453208442083915,0.33037608806864915,0.6301707034892671
15,moon2WOOP moon2WOOP moon2WOOP moon2WOOP,neither,0.039453208442083915,0.33037608806864915,0.6301707034892671
16,ahhhhhhhh,neither,0.039453208442083915,0.33037608806864915,0.6301707034892671
17,24,neither,0.039453208442083915,0.33037608806864915,0.6301707034892671
18,1,neither,0.039453208442083915,0.33037608806864915,0.6301707034892671
19,woohoo for wendy,neither,0.03437413967765019,0.30500216449335943,0.6606236958289905
20,-267,neither,0.039453208442083915,0.33037608806864915,0.6301707034892671
21,is there supposed to be a laugh track that we're not hearing?,neither,0.05845291075268695,0.3135925380542415,0.6279545511930715
22,NotLikeThis,neither,0.039453208442083915,0.33037608806864915,0.6301707034892671
23,G&S Production Value Kappa,neither,0.039453208442083915,0.33037608806864915,0.6301707034892671
24,audio low for MAtt,neither,0.03479158587816487,0.3070839826647797,0.6581244314570553
25,there we go,neither,0.040839336290152066,0.27628362646603744,0.6828770372438104
26,Oh no!,neither,0.04751210705993949,0.26629718932274826,0.6861907036173122
27,WE'RE BACK REFRESH IF YOU CAN'T SEE,neither,0.0480274062853624,0.3905656748738301,0.5614069188408076
28,oh thank god,neither,0.045131071336887416,0.2800008464300207,0.6748680822330919
29,Oooh boy,neither,0.039453208442083915,0.33037608806864915,0.6301707034892671
30,two chains,neither,0.040128449236619936,0.3189154895473248,0.6409560612160552
31,!crtimer,neither,0.039453208442083915,0.33037608806864915,0.6301707034892671
32,yay rachel!!!!,neither,0.039453208442083915,0.33037608806864915,0.6301707034892671
33,Back at it again!,neither,0.034401344171246746,0.4010170760959805,0.5645815797327727
34,<3,neither,0.039453208442083915,0.33037608806864915,0.6301707034892671
35,BYE NON SUBS,neither,0.039453208442083915,0.33037608806864915,0.6301707034892671
36,Bye non subs,neither,0.039453208442083915,0.33037608806864915,0.6301707034892671
37,bidet from alabama,neither,0.04078317879478948,0.307803020237201,0.6514138009680096
38,Been so long since a live show <3,neither,0.058014237076581286,0.30287082086801553,0.6391149420554032
39,Bidet,neither,0.039453208442083915,0.33037608806864915,0.6301707034892671
40,I can't wait to see Mercer's map,neither,0.04593986808611107,0.3224842173601771,0.6315759145537118
41,!wallet,neither,0.039453208442083915,0.33037608806864915,0.6301707034892671
42,PANIC PANIC WERE PANICKING,neither,0.03962525803983001,0.3184889288802098,0.6418858130799601
43,We're back! REFRESH IF YOU CAN'T SEE,neither,0.0480274062853624,0.3905656748738301,0.5614069188408076
44,WE'RE BACK REFRESH IF YOU CAN'T SEE,neither,0.0480274062853624,0.3905656748738301,0.5614069188408076
45,:D,neither,0.039453208442083915,0.33037608806864915,0.6301707034892671
46,oh godssss it hurts right in thebidet,neither,0.04217836629412187,0.2992836949139953,0.6585379387918829
47,#GrogHug,neither,0.039453208442083915,0.33037608806864915,0.6301707034892671
48,Welcomes back all long time viewers and subs! <3,neither,0.03890773678613002,0.3605939819683741,0.600498281245496
49,heroism is conecentration,neither,0.08117275035893902,0.3160268245287109,0.60280042511235
50,Bidet from the future,neither,0.03963020779385276,0.28538965134858096,0.6749801408575662
51,aussie aussie aussie,neither,0.039453208442083915,0.33037608806864915,0.6301707034892671
52,Hell yeah. :D,offensive_language,0.024014075456083226,0.8806496383571902,0.0953362861867266
53,would do almost anything to play dnd with them,neither,0.04501464469083664,0.34421688270781703,0.6107684726013463
54,bidet from germany,neither,0.04069404815304118,0.30931579984010865,0.6499901520068502
55,Bidet from Pullman wa!,neither,0.04071751644889743,0.3089174816120565,0.6503650019390461
56,PogChamp,neither,0.039453208442083915,0.33037608806864915,0.6301707034892671
57,nerds,neither,0.039453208442083915,0.33037608806864915,0.6301707034892671
58,Vocmachina ships are on,neither,0.06487305361703782,0.29431710625066804,0.6408098401322941
59,***,neither,0.039453208442083915,0.33037608806864915,0.6301707034892671
60,"Mobius___, I mean, we broke Galard earlier today... Time will tell if someone can fix him.",neither,0.02844587711661528,0.3460144306934861,0.6255396921898986
61,hobbster_ has 16937 coins,neither,0.03989735448983053,0.32283777050957063,0.6372648750005988
62,Vox Moochina,neither,0.039453208442083915,0.33037608806864915,0.6301707034892671
63,"I haven't caught up, only on episode 8 BUT I WANT TO WATCH SO MUCH",neither,0.038655537610997034,0.4042703665958273,0.5570740957931756
64,wrymthem has 3119 coins,neither,0.03989735448983053,0.32283777050957063,0.6372648750005988
65,GivePLZ CorgiDerp TakeNRG,neither,0.039453208442083915,0.33037608806864915,0.6301707034892671
66,see you @chaoticloony,offensive_language,0.09082037091224987,0.4584725389873566,0.4507070901003935
67,Hype,neither,0.039453208442083915,0.33037608806864915,0.6301707034892671
68,#RIPBunny,neither,0.039453208442083915,0.33037608806864915,0.6301707034892671
69,"FeelsBadMan RIP lil man,",neither,0.03961004622907164,0.4024553931222231,0.5579345606487054
70,LMAO,neither,0.037050151434762084,0.3711622369619404,0.5917876116032975
71,WutFace WutFace,neither,0.039453208442083915,0.33037608806864915,0.6301707034892671
72,Baratheon forever.,neither,0.039453208442083915,0.33037608806864915,0.6301707034892671
73,i want that sweatshirt,neither,0.03559437740378366,0.3708251853747488,0.5935804372214676
74,Welcome back critters,neither,0.039453208442083915,0.33037608806864915,0.6301707034892671
75,Salllllt,neither,0.039453208442083915,0.33037608806864915,0.6301707034892671
76,#WORLDBUILDERS <3 I bought awesome things to help,neither,0.045017576708505716,0.3271076404097719,0.6278747828817224
77,@Shadowner Horn of Blasting lololol,neither,0.039453208442083915,0.33037608806864915,0.6301707034892671
78,Beep Beep everyone,offensive_language,0.029888967906347413,0.4927062106388782,0.4774048214547744
79,Bidet from Lancaster PA,neither,0.040345743837037734,0.31522743308451706,0.6444268230784452
80,"Bidet from Dover, Tennessee",neither,0.04071751644889743,0.3089174816120565,0.6503650019390461
81,Link to Reddit re: Alpha?,neither,0.06402273037501224,0.3005275919242265,0.6354496777007613
82,"THIS WILL BE THE LAST EPISODE OF TALKS MACHINA ON TWITCH BEFORE IT BECOMES EXCLUSIVE TO ALPHA ONLY. UNLESS THEY'VE STATED OTHERWISE, BUT THEY HAVEN'T TOLD US MODS ANYTHING",neither,0.03814059630853542,0.33957237310215416,0.6222870305893106
83,gandsPitCrew gandsPitCrew gandsPitCrew gandsPitCrew gandsPitCrew gandsPitCrew gandsPitCrew gandsPitCrew,neither,0.039453208442083915,0.33037608806864915,0.6301707034892671
84,"I'm actually caught up this week, so I can watch this with no spoilers thanks goodness",neither,0.03255620880740385,0.4012235650505443,0.5662202261420519
85,@Warmachine4485 If you have an adblocker on while checking to see if you qualify it can just automatically shock you the 'you dont qualify' message,offensive_language,0.046346355269680034,0.4969688586411376,0.4566847860891824
86,bye chat,neither,0.039453208442083915,0.33037608806864915,0.6301707034892671
87,gandsPitCrew gandsPitCrew gandsPitCrew gandsPitCrew gandsPitCrew gandsPitCrew gandsPitCrew gandsPitCrew,neither,0.039453208442083915,0.33037608806864915,0.6301707034892671
88,Pit Creeeeeeeeeeeeeeeeww! Pit Crew!,neither,0.039453208442083915,0.33037608806864915,0.6301707034892671
89,much love to pit crew,neither,0.038885133182690566,0.33979533155549124,0.6213195352618182
90,there is a critters map?,neither,0.04829942567375284,0.2826203244006548,0.6690802499255923
91,NO WAY. Two of my favorites,neither,0.02913521865498672,0.4132203601137315,0.5576444212312819
92,Lost a job today. Looking forward to Critters cheering me up. Love you guys?,neither,0.04279389625587042,0.4048592534498833,0.5523468502942462
93,still catching up from episode 33😢,neither,0.03771658371869622,0.3651867664486701,0.5970966498326337
94,Dustin Mercer!,neither,0.039453208442083915,0.33037608806864915,0.6301707034892671
95,@Videoadicction haha personally I just hate driving in it,neither,0.14434816365646144,0.332872510302474,0.5227793260410647
96,why?,neither,0.016768318525353994,0.3685911158159394,0.6146405656587067
97,bidet from pa,neither,0.04069404815304118,0.30931579984010865,0.6499901520068502
98,!wallet,neither,0.039453208442083915,0.33037608806864915,0.6301707034892671
99,"Bidet from San Antonio, TX",neither,0.04028946704880015,0.3161825970516228,0.6435279358995771
100,bidet from NY,neither,0.040845137705904734,0.30675141581570226,0.6524034464783931
101,reaofsun has 2918 coins,neither,0.03989735448983053,0.32283777050957063,0.6372648750005988
102,The gandsSubHype train has left the station!,neither,0.038402594235870564,0.3000578991862364,0.6615395065778931
103,gandsMatt gandsMatt gandsMatt gandsMatt,neither,0.039453208442083915,0.33037608806864915,0.6301707034892671
104,:( :( :( :(,neither,0.039453208442083915,0.33037608806864915,0.6301707034892671
105,whaaaaaaaat!?,neither,0.039453208442083915,0.33037608806864915,0.6301707034892671
106,nooooo,neither,0.039453208442083915,0.33037608806864915,0.6301707034892671
107,love sam so much,neither,0.03249063233412626,0.3947476679691826,0.5727616996966912
108,damn i miss the 80's,offensive_language,0.03657228786691808,0.7857784750318518,0.17764923710123
109,gandsLessthanthree gandsLessthanthree gandsLessthanthree gandsLessthanthree gandsLessthanthree gandsLessthanthree,neither,0.039453208442083915,0.33037608806864915,0.6301707034892671
110,"We do not have the monopoly on ""hoser"" :)",neither,0.03625643211382526,0.3401606109661239,0.6235829569200511
111,Whoa,neither,0.039453208442083915,0.33037608806864915,0.6301707034892671
112,So glad we get to have Talks on Twitch,neither,0.04098456243522376,0.3827740067914132,0.5762414307733632
113,We have Logo!,neither,0.03868567664595196,0.3434031057473773,0.6179112176066708
114,Thanks other guys for filling in....?,neither,0.03320091923086077,0.29621161848663946,0.6705874622824998
115,I think Hector did it - I saw part of that last week,neither,0.035919381083387936,0.3554906495465367,0.6085899693700753
116,isiantos has 2003 coins,neither,0.03989735448983053,0.32283777050957063,0.6372648750005988
117,#theyknow gandsCrit gandsNatTwenty gandsRaid gandsCrit,neither,0.039453208442083915,0.33037608806864915,0.6301707034892671
118,gandsLessthanthree gandsLessthanthree gandsLessthanthree gandsLessthanthree gandsLessthanthree gandsLessthanthree gandsLessthanthree gandsLessthanthree,neither,0.039453208442083915,0.33037608806864915,0.6301707034892671
119,:D,neither,0.039453208442083915,0.33037608806864915,0.6301707034892671
120,We did it <3,neither,0.03702022307682613,0.33524355796772365,0.6277362189554502
121,"Yeah, audio on my end, too. Have headphones in my laptop all the way up and it's a bit quiet. But hey, I'll take it! It's better than nothing at all :)",offensive_language,0.021674077590207445,0.5153125654748175,0.4630133569349751
122,tfw my first live viewing is the Thordak fight gandsNopeNopeNope gandsNopeNopeNope gandsNopeNopeNope,neither,0.03275618577429122,0.3829123646250183,0.5843314496006905
123,#TPK,neither,0.039453208442083915,0.33037608806864915,0.6301707034892671
124,#TPK,neither,0.039453208442083915,0.33037608806864915,0.6301707034892671
125,This will be so worth watching live!,neither,0.04524360673027341,0.3527096414494145,0.6020467518203121
126,Front Gate vs Army. Winner?,neither,0.039453208442083915,0.33037608806864915,0.6301707034892671
127,beebeep from half-froze central Texas!,neither,0.040218519918581774,0.317386755008684,0.6423947250727343
128,i literally will not be able to handle a tpk,neither,0.04533188053736907,0.31476092682184753,0.6399071926407833
129,"Where are these tunes from, please help a sister out",neither,0.06301945559755304,0.3208602466645437,0.6161202977379032
130,Bidet from freezing *** cold central N.Y.,neither,0.04029093422196256,0.3161576952940397,0.6435513704839977
131,gandsGandsPoo gandsGandsPoo gandsGandsPoo gandsGandsPoo gandsGandsPoo gandsGandsPoo,neither,0.039453208442083915,0.33037608806864915,0.6301707034892671
132,I love this song??? What is it?,neither,0.04967412590383749,0.34869220139280416,0.6016336727033583
133,OSfrog,neither,0.039453208442083915,0.33037608806864915,0.6301707034892671
134,Bidet from a plane,neither,0.04080695066346891,0.3073995495860776,0.6517934997504536
135,"Don't worry, this is better than Star Wars",neither,0.044804743808193034,0.3350393718743085,0.6201558843174985
136,hey kieran,neither,0.039453208442083915,0.33037608806864915,0.6301707034892671
137,gandsCrit gandsCrit gandsCrit gandsCrit gandsCrit gandsCrit gandsCrit gandsCrit gandsCrit gandsCrit gandsCrit gandsCrit,neither,0.039453208442083915,0.33037608806864915,0.6301707034892671
138,gandsCrit gandsCrit gandsCrit gandsCrit gandsCrit gandsCrit gandsCrit gandsCrit gandsCrit,neither,0.039453208442083915,0.33037608806864915,0.6301707034892671
139,AHHHHHHHHH!!!!!!!,neither,0.039453208442083915,0.33037608806864915,0.6301707034892671
140,MORTAL KOMBAAAAT!!!,neither,0.039453208442083915,0.33037608806864915,0.6301707034892671
141,sam has a shirt. he has a zip up hoodie... something is going to happen,neither,0.048208298678810435,0.3594011833934532,0.5923905179277364
142,GOLDEN Kappa TEST,neither,0.039453208442083915,0.33037608806864915,0.6301707034892671
143,Lol,neither,0.020706217963973744,0.4882283491876925,0.4910654328483337
144,the next Eminem,neither,0.03778534086028015,0.3267968381748178,0.635417820964902
145,!wallet,neither,0.039453208442083915,0.33037608806864915,0.6301707034892671
146,LOOOOOL,neither,0.039453208442083915,0.33037608806864915,0.6301707034892671
147,*golf claps* golf claps abound,neither,0.039453208442083915,0.33037608806864915,0.6301707034892671
148,"Callin it, Sam gets the killing blow",neither,0.037826120069895317,0.31919311407822804,0.6429807658518767
149,Standing ovation,neither,0.039453208442083915,0.33037608806864915,0.6301707034892671
150,inspirational,neither,0.039453208442083915,0.33037608806864915,0.6301707034892671
151,lol,neither,0.020706217963973744,0.4882283491876925,0.4910654328483337
152,gandsSCANLAN gandsSCANLAN gandsSCANLAN gandsSCANLAN gandsSCANLAN gandsSCANLAN gandsSCANLAN gandsSCANLAN,neither,0.039453208442083915,0.33037608806864915,0.6301707034892671
153,gandsSCANLAN gandsSCANLAN gandsSCANLAN gandsSCANLAN,neither,0.039453208442083915,0.33037608806864915,0.6301707034892671
154,i think it was marisha,neither,0.03771077489417765,0.31927880817503673,0.6430104169307855
155,First live stream for Crit Role!!,neither,0.03267808403743766,0.308059880416194,0.6592620355463683
156,Poor Marisha,neither,0.039453208442083915,0.33037608806864915,0.6301707034892671
157,woot!,neither,0.039453208442083915,0.33037608806864915,0.6301707034892671
158,"@SpeedDemonStar, but but... chocolate..I love it so",neither,0.029752924529787644,0.4059406504610976,0.5643064250091149
159,gandsGandsPoo,neither,0.039453208442083915,0.33037608806864915,0.6301707034892671
160,I remember no movie,neither,0.041192113987059145,0.3008623227885767,0.6579455632243641
161,yes!,neither,0.039453208442083915,0.33037608806864915,0.6301707034892671
162,gandsPitCrew gandsPitCrew gandsPitCrew,neither,0.039453208442083915,0.33037608806864915,0.6301707034892671
163,ummm...2107,neither,0.039453208442083915,0.33037608806864915,0.6301707034892671
164,Hello!,neither,0.039453208442083915,0.33037608806864915,0.6301707034892671
165,Bidet from Montana!!,neither,0.04078317879478948,0.307803020237201,0.6514138009680096
166,Bidet from ontario canada!!,neither,0.040354386843928725,0.3150807387011266,0.6445648744549448
167,@i_am_percys_bad_news raishan needs to die,neither,0.29984380991212484,0.08782125957527212,0.6123349305126031
168,woohoo,neither,0.039453208442083915,0.33037608806864915,0.6301707034892671
169,Nick!,neither,0.039453208442083915,0.33037608806864915,0.6301707034892671
170,Hi Fellow Las Vegas Critters!! :D <3,neither,0.039453208442083915,0.33037608806864915,0.6301707034892671
171,bidet from new orleans,neither,0.044507006622991736,0.21166473641774405,0.7438282569592642
172,Bidet from Lithuania! 5 AM here :D,neither,0.1200803460500713,0.2501722243192573,0.6297474296306713
173,hello from Hawaii,neither,0.040406835111122384,0.31419055472778,0.6454026101610977
174,it was like 30k last week,neither,0.04690383541465663,0.3458449340996537,0.6072512304856896
175,what time is it?,neither,0.05846485729964668,0.3495149862607771,0.5920201564395762
176,WHERE IS IT AT,neither,0.05189419617105357,0.3148630331387616,0.6332427706901848
177,Who's pre spiceing for tonight's game?,neither,0.0320985823853852,0.30302989073227643,0.6648715268823383
178,DAMMIT GLENN!!!!!!!!!,neither,0.039453208442083915,0.33037608806864915,0.6301707034892671
179,FREAKING GLENNNNNN,neither,0.039453208442083915,0.33037608806864915,0.6301707034892671
180,gib rol pls,neither,0.039453208442083915,0.33037608806864915,0.6301707034892671
181,It's back!,neither,0.03654534214784638,0.3313762366291984,0.6320784212229552
182,bidet from texas!,neither,0.040937266849991,0.30518774380265185,0.6538749893473571
183,bidet from new zealand,neither,0.046710622032705686,0.1542697019613409,0.7990196760059534
184,"Second time live after a year, bidet from Germany :D",neither,0.042593645941074176,0.3304308763687145,0.6269754776902112
185,bidet &beep beep form england,neither,0.039453208442083915,0.33037608806864915,0.6301707034892671
186,Bidet for the 4 amers!,neither,0.025530574474639644,0.23858405014631345,0.7358853753790469
187,FROM BEAUTIFUL SAN DIEGO!!!! HELLO EVERYONE!!!,neither,0.035996218511852966,0.38905022920945664,0.5749535522786903
188,bidet,neither,0.039453208442083915,0.33037608806864915,0.6301707034892671
189,South Jersey,neither,0.039453208442083915,0.33037608806864915,0.6301707034892671
190,bidet y'all,offensive_language,0.046917543854519406,0.6277741405869331,0.3253083155585475
191,4am squad represent!,neither,0.039453208442083915,0.33037608806864915,0.6301707034892671
192,Critical Role!!!! gandsNatTwenty gandsMatt,neither,0.039453208442083915,0.33037608806864915,0.6301707034892671
193,gandsOwl,neither,0.039453208442083915,0.33037608806864915,0.6301707034892671
194,Hey @finnlayshards,neither,0.039453208442083915,0.33037608806864915,0.6301707034892671
195,i have the Dr Who music stuck in my brain now. as my brain isn't crowded enough already... full of jibberish,neither,0.034508066827505963,0.4407781999671127,0.5247137332053814
196,heeheeehee,neither,0.039453208442083915,0.33037608806864915,0.6301707034892671
197,oh a potato,neither,0.04616347283623516,0.2671141167429414,0.6867224104208235
198,BIG rizpect for ze pit crew from Paris!,neither,0.026952091574855126,0.3389645987589274,0.6340833096662175
199,have i missed anything yet???,neither,0.03893984915421126,0.33908913494482906,0.6219710159009597
200,Comic in the wrong order. >_<,neither,0.03845081540148607,0.3119842434609061,0.6495649411376078
201,Hi my name is Entwin,neither,0.03409345573862743,0.4244518234782578,0.5414547207831146
202,"Bidet from Yev and Backblaze in San Mateo, CA :D",neither,0.0396276914093946,0.2774080908722503,0.6829642177183549
203,"aww hell, its gona get real guys",offensive_language,0.03204661549411149,0.6901972107876018,0.2777561737182868
204,"at this point, Vex could just buy herself a new flying carpet with all the gold and plat they have",neither,0.03226045480876251,0.3357977373784397,0.6319418078127979
205,First time liv,neither,0.031470993000070176,0.35243220692920874,0.6160968000707212
206,@DataFrogman Bidet from Ohio,neither,0.040754399270683486,0.3082914838698526,0.650954116859464
207,bidet from Kansas City,neither,0.04050054910234117,0.3125999837227694,0.6468994671748894
208,LOL,neither,0.020706217963973744,0.4882283491876925,0.4910654328483337
209,Why the intro?,neither,0.02699210868290844,0.3291865435811576,0.6438213477359339
210,"uhh, don't be pullin dat ***",neither,0.039824870277151085,0.3334883364256911,0.6266867932971578
211,"@ExtremelyVile, That's Liam and standing behind the couch is Travis LUL",neither,0.040581857660809934,0.3213859394374634,0.6380322029017266
212,im calling for help,neither,0.03239069108452899,0.33212511882209234,0.6354841900933786
213,!time,neither,0.036668274527354654,0.377643684699956,0.5856880407726893
214,critical role in 29 mins,neither,0.039453208442083915,0.33037608806864915,0.6301707034892671
215,I get to watch Crit Role on my birthday...2:40am on my birthday but still,neither,0.027418140936012497,0.4560739247230484,0.5165079343409392
216,wheniscriticalrole.com episode #82,neither,0.039453208442083915,0.33037608806864915,0.6301707034892671
217,beep beep from Macomb IL,neither,0.04066490145509902,0.30981049537100724,0.6495246031738937
218,!wallet,neither,0.039453208442083915,0.33037608806864915,0.6301707034892671
219,how many cards will Grog pull from the Deck of Many Things tonight?,neither,0.038757330124382997,0.2865331309589901,0.6747095389166269
220,Larken was arrested two episodes ago for selling spice in a class 3 neighborhood in Whitestone,neither,0.03651544084778464,0.3101823904693325,0.6533021686828828
221,Is that Laura in the corner?,neither,0.04302825611364453,0.3564786368482369,0.6004931070381185
222,yay,neither,0.039453208442083915,0.33037608806864915,0.6301707034892671
223,beep beep,neither,0.039453208442083915,0.33037608806864915,0.6301707034892671
224,"bidet from Madison, WI",neither,0.040402255548430084,0.3142682818583747,0.6453294625931952
225,"wish ya'll luck tonight, cause i'll probably be asleep in half an hour",neither,0.02940385511430025,0.4665113400305802,0.5040848048551196
226,THAT MAP,neither,0.0349751205147877,0.3792120518198444,0.5858128276653679
227,geez channel dance,neither,0.039453208442083915,0.33037608806864915,0.6301707034892671
228,good day every one,neither,0.03822464304467313,0.3517247267497037,0.6100506302056232
229,I think taliesin did a good job with sam last week but in the end ... no one could ever play scanlan like sam,neither,0.03562342034933147,0.3689931475311802,0.5953834321194884
230,welcomes back all long time viewers and subs! <3,neither,0.03890773678613002,0.3605939819683741,0.600498281245496
231,Nick Cage!,neither,0.039453208442083915,0.33037608806864915,0.6301707034892671
232,Hey Kerr Bear!,neither,0.039453208442083915,0.33037608806864915,0.6301707034892671
233,didn't even acknowledge denise in the talks machina promo BibleThump,neither,0.0285900861938403,0.3588470815601953,0.6125628322459643
234,they should have a subscription service and call it Box Machina,neither,0.046547562707708434,0.33067249435173635,0.6227799429405552
235,It is around 6:40 there,neither,0.04625898395702865,0.2844419322060621,0.6692990838369092
236,it shows a subscriber badge for me but it ran out last month lul hacked,neither,0.028566330146453236,0.34731961733782696,0.6241140525157197
237,!glitter opshlds,neither,0.039453208442083915,0.33037608806864915,0.6301707034892671
238,15 min,neither,0.039453208442083915,0.33037608806864915,0.6301707034892671
239,Yup just muted!!,neither,0.0336947775755618,0.3578817457407385,0.6084234766836997
240,"I really would love to see a one off with Raishan and Ripley, they seem like they would be pretty fantastic .... maybe vs the Briarwoods or something.",neither,0.03835062693756793,0.3438125987620289,0.6178367743004031
241,Bidet from SC!,neither,0.040737273169946825,0.3085821584949149,0.6506805683351382
242,hi,neither,0.039453208442083915,0.33037608806864915,0.6301707034892671
243,Scalin come back i've been a fool for you I was wrong I can't live without you,neither,0.03629547155431221,0.3692517074365073,0.5944528210091804
244,Tomorrow is my 21st B-Day gandsDrink gandsDrink gandsDrink,neither,0.035643742726486245,0.3914278730520834,0.5729283842214302
245,gandsGandsPoo gandsGandsPoo gandsGandsPoo gandsGandsPoo gandsGandsPoo gandsGandsPoo,neither,0.039453208442083915,0.33037608806864915,0.6301707034892671
246,gandsCrit all 20's today pls,neither,0.039420252026250935,0.37163720189049776,0.5889425460832514
247,I am so in love with all of this fan art! It's brilliant!,neither,0.030540172956343356,0.44217717830409575,0.5272826487395608
248,#Fix him!,neither,0.039286977096751115,0.333197467828188,0.6275155550750611
249,Reminds chat that Sam will not be here today,neither,0.06316932177231778,0.30845809981206723,0.6283725784156151
250,Probably alpha's fault. :p,neither,0.038410822322910085,0.3480681009220213,0.6135210767550687
251,BEEP BEEP from Texas ^_^,neither,0.040937266849991,0.30518774380265185,0.6538749893473571
252,"Bidet from Athens, Ga",neither,0.040737273169946825,0.3085821584949149,0.6506805683351382
253,gandsSCANLAN gandsSCANLAN gandsSCANLAN gandsSCANLAN gandsSCANLAN gandsSCANLAN gandsSCANLAN gandsSCANLAN,neither,0.039453208442083915,0.33037608806864915,0.6301707034892671
254,yay just subscribed!!!!,neither,0.03385382169014356,0.35707996827140936,0.6090662100384471
255,@G33kGrrly_Gaming Real swanky indeed.,neither,0.031586681821986366,0.4706441866437403,0.4977691315342733
256,I'm here Ii here,neither,0.14551490945254822,0.25849836231276674,0.595986728234685
257,#SCANLIVES,neither,0.039453208442083915,0.33037608806864915,0.6301707034892671
258,"If Scanlin dies, I don't know if I can continue watching. He's my favorite character.",neither,0.019014215059466776,0.4336430806275544,0.5473427043129787
259,I love this so much,neither,0.030554670301820082,0.4160811300226451,0.5533641996755347
260,beep beep and bidet!,neither,0.037639441157342385,0.1918412352459551,0.7705193235967025
261,DICKS OUT FOR SCANLAN i love it lool,neither,0.02871705620805661,0.32992017977298044,0.6413627640189629
262,Wow that one,neither,0.033098525856066145,0.42983660008530905,0.5370648740586248
263,The feels be real,neither,0.03101013539994328,0.4540188198854173,0.5149710447146395
264,#FIXHIM,neither,0.039453208442083915,0.33037608806864915,0.6301707034892671
265,10K watching now,neither,0.039453208442083915,0.33037608806864915,0.6301707034892671
266,DENISE must be stopped >L,neither,0.04103090839865764,0.3168401245828668,0.6421289670184755
267,Did we just see her face?,offensive_language,0.026668427733962188,0.5731266058757118,0.4002049663903261
268,I can't stay long though,neither,0.039501183008172035,0.32328859072542604,0.6372102262664019
269,bday,neither,0.039453208442083915,0.33037608806864915,0.6301707034892671
270,Bidet from Seattle!,neither,0.040754399270683486,0.3082914838698526,0.650954116859464
271,@bluetwin20 Should be ok we are at the begining of a new arc.,neither,0.07365679902018522,0.26212638895095075,0.6642168120288641
272,i cant hear anything?,neither,0.039453208442083915,0.33037608806864915,0.6301707034892671
273,I have a migraine so I actually am enjoying the silence,neither,0.03815539499203362,0.357625117651626,0.6042194873563403
274,TPK THEYRE ON TIME,neither,0.03515911165535002,0.3665762943900693,0.5982645939545806
275,"that moment you get scared out of your mind because you have your wireless headset on, but aren't at your computer.. thanks Matt..",neither,0.10082946178664964,0.4071880726545847,0.4919824655587657
276,SSSSAAAAAMMMM,neither,0.039453208442083915,0.33037608806864915,0.6301707034892671
277,HAHAHAHAHAHA,neither,0.039453208442083915,0.33037608806864915,0.6301707034892671
278,DOOT DOOOT,neither,0.039453208442083915,0.33037608806864915,0.6301707034892671
279,HeyGuys @Kroskk,neither,0.039453208442083915,0.33037608806864915,0.6301707034892671
280,Those dice are cool,neither,0.10112011059688074,0.21773275296252576,0.6811471364405934
281,gandsDrink,neither,0.039453208442083915,0.33037608806864915,0.6301707034892671
282,bidet from ont canadia,neither,0.040737273169946825,0.3085821584949149,0.6506805683351382
283,"bidet is how grog understood ""good day"" as a greeting somewhere, now it's how he tries to be polite",neither,0.04883957687083396,0.3385167084719776,0.6126437146571885
284,Welcome @Myaskol,neither,0.039453208442083915,0.33037608806864915,0.6301707034892671
285,bidit from melbourne!,neither,0.04228451509352876,0.2823214250720796,0.6753940598343917
286,"Is there little audio pops for anyone else, wondering if it's me",neither,0.025762428636479043,0.343557216106355,0.630680355257166
287,Such amazing fan art and it's only been a week???,neither,0.03792257171900272,0.3047881860975092,0.6572892421834879
288,"Beep Beep, Michigan Represent.",neither,0.039453208442083915,0.33037608806864915,0.6301707034892671
289,Thursday!!!!,neither,0.039453208442083915,0.33037608806864915,0.6301707034892671
290,Its time to learn about our new friend tary...,neither,0.04013662262889554,0.2946321044360021,0.6652312729351023
291,!wallet,neither,0.039453208442083915,0.33037608806864915,0.6301707034892671
292,WE KNOW,neither,0.03914817603122934,0.3355532841520078,0.6252985398167629
293,Nice sound,neither,0.039453208442083915,0.33037608806864915,0.6301707034892671
294,It's lIke magic,neither,0.05192048401831099,0.3523095122085932,0.5957700037730957
295,Does groon remind anyone else about ripped iroh,neither,0.02860643644101973,0.4385885265131288,0.5328050370458515
296,it's always Bob...don't trust him ;),neither,0.036601094572822616,0.3808670496420152,0.5825318557851621
297,https://clips.twitch.tv/geekandsundry/MotionlessWrenDeExcite,neither,0.039453208442083915,0.33037608806864915,0.6301707034892671
298,NOT THE MUG,neither,0.03710522870854534,0.3181637110852145,0.6447310602062403
299,#TEAMTARY,neither,0.039453208442083915,0.33037608806864915,0.6301707034892671
300,"Holy crap the mug! Good attention to detail, Sam. Nice!",neither,0.04241099931345182,0.3184695497734965,0.6391194509130518
301,Wonder of Terry actually HAS 50k gold...,neither,0.03974291232144573,0.3254590571690019,0.6347980305095524
302,i have no one special in my life. way to rub it in. my highlight is this show every week,neither,0.0520233141548823,0.4220885626644311,0.5258881231806866
303,Is the sound of some mics a bit off today or is it just me?,neither,0.03305623006836558,0.3519495085002655,0.6149942614313689
304,Yay!!!! <3,neither,0.039453208442083915,0.33037608806864915,0.6301707034892671
305,HI Erika!!!! <3 ^_^,neither,0.039453208442083915,0.33037608806864915,0.6301707034892671
306,Is that why Taliesin is so... interesting?,neither,0.0381026092360093,0.4224797168192426,0.5394176739447479
307,Jimmy Olsen is a wrestler and not Supermans friend...,neither,0.04311760949275889,0.3058717018535484,0.6510106886536927
308,0,neither,0.039453208442083915,0.33037608806864915,0.6301707034892671
309,bidet from VA,neither,0.04066490145509902,0.30981049537100724,0.6495246031738937
310,Bidet,neither,0.039453208442083915,0.33037608806864915,0.6301707034892671
311,Bidet from,neither,0.04228451509352876,0.2823214250720796,0.6753940598343917
312,bidet from houston,neither,0.04087547192978788,0.3062365648703896,0.6528879631998226
313,!wallet,neither,0.039453208442083915,0.33037608806864915,0.6301707034892671
314,@NH_Brew greeting and salutations! :),neither,0.037639441157342385,0.1918412352459551,0.7705193235967025
315,bidet,neither,0.039453208442083915,0.33037608806864915,0.6301707034892671
316,Bidet from Aachen,neither,0.04228451509352876,0.2823214250720796,0.6753940598343917
317,Bidet from Alabama,neither,0.04078317879478948,0.307803020237201,0.6514138009680096
318,What???? Sound worked!!!! I don't understand what just happened.,neither,0.043528861489801056,0.33933807024002555,0.6171330682701736
319,SOUND!,neither,0.039453208442083915,0.33037608806864915,0.6301707034892671
320,rooPs,neither,0.039453208442083915,0.33037608806864915,0.6301707034892671
321,woot! hello critters from NJ! Where my NJ critters at?!,neither,0.03460784054150278,0.36065190907065103,0.6047402503878463
322,yaaaay!!!,neither,0.039453208442083915,0.33037608806864915,0.6301707034892671
323,May Denise really shouldn't be freed?,neither,0.040967448191633636,0.31396405889306955,0.6450684929152968
324,bidit form kansas city,neither,0.039453208442083915,0.33037608806864915,0.6301707034892671
325,now sush everyone i want to listen,neither,0.03976576046583059,0.42524847553704426,0.5349857639971252
326,everyone got tissues?,offensive_language,0.0298361485765042,0.5252593999293315,0.4449044514941644
327,gandsCrit,neither,0.039453208442083915,0.33037608806864915,0.6301707034892671
328,"Greetings from Calgary, AB!",neither,0.04071751644889743,0.3089174816120565,0.6503650019390461
329,Vax is a vengeance paladin,neither,0.08117275035893902,0.3160268245287109,0.60280042511235
330,Can someone send me a link of that Tyriok picture,neither,0.031484880575333114,0.3873020365278089,0.5812130828968578
331,Idaho bidet,neither,0.039453208442083915,0.33037608806864915,0.6301707034892671
332,HERE WE GO,neither,0.13156755280784707,0.2765461283225309,0.5918863188696221
333,"Words from our DM to the Critters: ""Part of playing the game is messing up. Forgetting rules, misinterpreting elements, etc. We're far from paragon players. It's all just part of the fun!"" - Matt Mercer",neither,0.04689742583606043,0.3225910220792228,0.6305115520847168
334,Bidet,neither,0.039453208442083915,0.33037608806864915,0.6301707034892671
335,MY FIRST LIVE CR,neither,0.02718748443016395,0.4087772895226336,0.5640352260472025
336,Sam please lol,neither,0.0310812448023181,0.39157196672383776,0.5773467884738441
337,oh god lmao,neither,0.04486620732953715,0.28846024481825483,0.6666735478522079
338,this is amazing.,neither,0.05063874081420349,0.3285866302672563,0.6207746289185402
339,LOL,neither,0.020706217963973744,0.4882283491876925,0.4910654328483337
340,... vade retro,neither,0.039453208442083915,0.33037608806864915,0.6301707034892671
341,gandsSCANLAN gandsSCANLAN gandsSCANLAN gandsSCANLAN gandsSCANLAN gandsSCANLAN gandsSCANLAN gandsSCANLAN gandsSCANLAN gandsSCANLAN gandsSCANLAN,neither,0.039453208442083915,0.33037608806864915,0.6301707034892671
342,Dear God,neither,0.039453208442083915,0.33037608806864915,0.6301707034892671
343,gandsFail,neither,0.039453208442083915,0.33037608806864915,0.6301707034892671
344,wow,neither,0.039453208442083915,0.33037608806864915,0.6301707034892671
345,Fantastic lol,neither,0.030519324274572414,0.3961472810925514,0.5733333946328761
346,gands2YearHype gands2YearHype gands2YearHype gands2YearHype,neither,0.039453208442083915,0.33037608806864915,0.6301707034892671
347,THE DOCTOR WHO RPG IS DOPE,neither,0.04688490940273445,0.3715289651347492,0.5815861254625162
348,Its High Noo,neither,0.030681373993549206,0.4125359498970354,0.5567826761094153
349,oh snap..........,neither,0.04610041286253887,0.2676795543969371,0.6862200327405242
350,@Leigh574 Thanks!!,neither,0.035884468650613,0.3004919205142699,0.6636236108351171
351,cool,neither,0.039453208442083915,0.33037608806864915,0.6301707034892671
352,#Doubtfire,neither,0.039453208442083915,0.33037608806864915,0.6301707034892671
353,bidet from PA,neither,0.04069404815304118,0.30931579984010865,0.6499901520068502
354,Coffee sounds good,neither,0.04868641861755476,0.15961454186908816,0.7916990395133571
355,!vod,neither,0.039453208442083915,0.33037608806864915,0.6301707034892671
356,I'm Coming (Into My Own)?,neither,0.0503444638846189,0.4123590837618741,0.537296452353507
357,CHAT did someone fall last episode?,neither,0.039453208442083915,0.33037608806864915,0.6301707034892671
358,"@GrifofHearts, yup, our daylight saving was earlier this week",neither,0.03932587090502191,0.3325373383970815,0.6281367906978967
359,Bidet from Washington,neither,0.04080695066346891,0.3073995495860776,0.6517934997504536
360,@undecided111 bidet is how grog misheard good day,neither,0.05096714017114043,0.306594888236459,0.6424379715924007
361,Woot!,neither,0.039453208442083915,0.33037608806864915,0.6301707034892671
362,Great shirt,neither,0.037174132302263616,0.2997833317308442,0.6630425359668922
363,THE SHIRT,neither,0.03810502036654317,0.3053708389688116,0.6565241406646452
364,Oh no,neither,0.04751210705993949,0.26629718932274826,0.6861907036173122
365,gandsGandsPoo gandsGandsPoo,neither,0.039453208442083915,0.33037608806864915,0.6301707034892671
366,"gandsOwl Sam, you are the greatest. Just, the best. We absolutely love & appreciate you. Well done, as always. gandsOwl",neither,0.06160137654228873,0.40402753765807503,0.5343710857996363
367,gandsHR gandsHR,neither,0.039453208442083915,0.33037608806864915,0.6301707034892671
368,gandsOwl Critters are many,neither,0.09482272130773788,0.2487066727440031,0.656470605948259
369,gandsSCANLAN,neither,0.039453208442083915,0.33037608806864915,0.6301707034892671
370,I'd recommend The Laughing Target by Rumiko Takahashi.,neither,0.03958293664659149,0.3520970935331733,0.6083199698202353
371,Bidet from Alabama!,neither,0.04078317879478948,0.307803020237201,0.6514138009680096
372,"Bidet from Urbana, IL",neither,0.04066490145509902,0.30981049537100724,0.6495246031738937
373,"Bidet from Austin, TX!",neither,0.0404991143919742,0.31262433450199256,0.6468765511060333
374,aw man so close to 100 holy sh*t haha,neither,0.04069233002014549,0.43749528284564215,0.5218123871342123
375,A Phoenician! Me too! Bidet,neither,0.025456656249999262,0.4169057440345985,0.5576375997154023
376,@NeosAnimum Bidet from wildmount,neither,0.04228451509352876,0.2823214250720796,0.6753940598343917
377,bidet from utah,neither,0.04066490145509902,0.30981049537100724,0.6495246031738937
378,Not as easy as it looks ladies and gentlemen,neither,0.034163631256721866,0.3551687062823135,0.6106676624609647
379,Does the screen seem dark to anyone else?,neither,0.032695761968155095,0.4075450820171778,0.5597591560146671
380,Sam was unavailable today,neither,0.03770689451935015,0.3076847335028676,0.6546083719777822
381,Stuff is in the store,neither,0.08023319533946867,0.3004775249004953,0.6192892797600361
382,Was that a Kit Buss impression?,neither,0.036658932371894826,0.3611349103970886,0.6022061572310166
383,wish i could go,neither,0.04098454623641282,0.335694020126558,0.6233214336370292
384,The players look a little out of contrast or a bit subdued.,neither,0.03687159506305871,0.33344105131691204,0.6296873536200293
385,Saved By The Bell,neither,0.03960805112189991,0.3559986534164737,0.6043932954616265
386,good Gil.. How are you?,neither,0.14211674019720286,0.3228677080091087,0.5350155517936885
387,Bidet from Minnesota,neither,0.04071751644889743,0.3089174816120565,0.6503650019390461
